,block_state_geography_2010.geom,block_state_geography_2010_centroid,block_state_housingoccupancytenure_2010.geoid10,block_state_housingoccupancytenure_2010.h00010001,block_state_housingoccupancytenure_2010.h0030001,block_state_housingoccupancytenure_2010.h0030002,block_state_housingoccupancytenure_2010.h0030003,block_state_housingoccupancytenure_2010.h0040001,block_state_housingoccupancytenure_2010.h0040002,block_state_housingoccupancytenure_2010.h0040003,block_state_housingoccupancytenure_2010.h0040004,block_state_housingoccupancytenure_2010.h0190001,block_state_housingoccupancytenure_2010.h0190002,block_state_housingoccupancytenure_2010.h0190003,block_state_housingoccupancytenure_2010.h0190004,block_state_housingoccupancytenure_2010.h0190005,block_state_housingoccupancytenure_2010.h0190006,block_state_housingoccupancytenure_2010.h0190007
0,"MULTIPOLYGON(((-105.217917 39.802338,-105.21888 39.802333,-105.218914 39.802488,-105.218899 39.802624,-105.218865 39.802791,-105.2187 39.803006,-105.218465 39.803116,-105.218215 39.803157,-105.217967 39.803153,-105.217917 39.802338)))",POINT(-105.218383280185 39.8027067297493),080590098434041,7,7,7,0,7,4,1,2,7,5,4,1,2,0,2
1,"MULTIPOLYGON(((-105.16566 39.620027,-105.165661 39.620096,-105.165657 39.621248,-105.165656 39.622011,-105.165662 39.622086,-105.165516 39.622388,-105.165335 39.622719,-105.165144 39.623004,-105.164949 39.623188,-105.164771 39.623283,-105.164357 39.623428,-105.164005 39.623487,-105.1639 39.623135,-105.163773 39.622708,-105.163651 39.622297,-105.163803 39.622243,-105.164045 39.622117,-105.164222 39.621957,-105.1643 39.621842,-105.164428 39.621804,-105.164535 39.62182,-105.164719 39.621908,-105.164833 39.621875,-105.16494 39.621804,-105.165089 39.621452,-105.165125 39.62109,-105.165118 39.620892,-105.16516 39.62065,-105.165324 39.620403,-105.16566 39.620027)))",POINT(-105.164832244673 39.6221591892102),080590120341010,1,1,1,0,1,1,0,0,1,1,0,1,0,0,0
2,"MULTIPOLYGON(((-105.214285 39.816268,-105.213755 39.816257,-105.210466 39.816258,-105.209583 39.816258,-105.206162 39.816238,-105.203732 39.816217,-105.203247 39.816163,-105.202778 39.815976,-105.202602 39.815899,-105.202541 39.815861,-105.202345 39.815737,-105.202076 39.815502,-105.20182 39.815223,-105.201183 39.814568,-105.200125 39.813512,-105.199758 39.813177,-105.199537 39.813063,-105.19936 39.812972,-105.19869 39.812759,-105.198186 39.812718,-105.198074 39.812709,-105.197248 39.812706,-105.197265 39.811065,-105.197206 39.810826,-105.19734 39.810773,-105.197529 39.810638,-105.197632 39.810546,-105.197456 39.810406,-105.19707 39.810098,-105.196901 39.809947,-105.196801 39.809833,-105.196756 39.809748,-105.196725 39.809539,-105.196743 39.808696,-105.196754 39.807866,-105.196783 39.807045,-105.196776 39.806625,-105.196764 39.806427,-105.196726 39.806292,-105.196667 39.806207,-105.196557 39.806125,-105.196423 39.80607,-105.196247 39.806038,-105.195818 39.806023,-105.19583 39.805469,-105.196937 39.805463,-105.197477 39.80546,-105.197977 39.805457,-105.198088 39.805552,-105.200041 39.805569,-105.200128 39.80557,-105.201379 39.805575,-105.201492 39.805575,-105.202785 39.805574,-105.202779 39.805439,-105.205648 39.805471,-105.207798 39.806883,-105.208105 39.807088,-105.208225 39.807163,-105.208404 39.80729,-105.209061 39.807725,-105.209921 39.808295,-105.211003 39.808975,-105.212293 39.809837,-105.212506 39.810024,-105.212592 39.810211,-105.212656 39.810656,-105.212607 39.810886,-105.212315 39.811397,-105.2123 39.811573,-105.21245 39.812353,-105.212522 39.812831,-105.212636 39.813292,-105.212814 39.813578,-105.213206 39.813874,-105.213334 39.814045,-105.213313 39.814435,-105.213185 39.814852,-105.213228 39.815072,-105.213377 39.815478,-105.213513 39.815676,-105.213748 39.815852,-105.214425 39.816137,-105.214579 39.816271,-105.214319 39.816269,-105.214285 39.816268),(-105.201239 39.80893,-105.199546 39.808922,-105.19954 39.81047,-105.199552 39.812806,-105.202643 39.812751,-105.203204 39.812755,-105.203181 39.810662,-105.203162 39.808939,-105.201239 39.80893)))",POINT(-105.205212234147 39.8109369637323),080590098434003,82,82,81,1,81,70,9,2,81,79,37,42,2,1,1
3,"MULTIPOLYGON(((-105.370531 39.907582,-105.370888 39.907548,-105.371133 39.907477,-105.371366 39.907471,-105.371522 39.907539,-105.371642 39.907717,-105.371451 39.907859,-105.371271 39.907975,-105.371073 39.90796,-105.370855 39.907837,-105.370531 39.907582)))",POINT(-105.371147967825 39.9077017739422),080590098083044,0,0,0,0,0,0,0,0,0,0,0,0,0,0,0
4,"MULTIPOLYGON(((-105.389367 39.897679,-105.389727 39.897149,-105.389771 39.896842,-105.389996 39.89696,-105.390196 39.897048,-105.390395 39.897114,-105.390574 39.897119,-105.390745 39.897092,-105.390959 39.897048,-105.39118 39.89707,-105.391472 39.897136,-105.391907 39.897241,-105.392149 39.897323,-105.392435 39.897411,-105.392748 39.897488,-105.392899 39.89751,-105.39289 39.897771,-105.392805 39.898207,-105.392719 39.898543,-105.392814 39.898779,-105.392115 39.898782,-105.390549 39.898986,-105.390353 39.898695,-105.39014 39.898227,-105.389806 39.89797,-105.389367 39.897679)))",POINT(-105.391229775535 39.8979464833129),080590098083019,0,0,0,0,0,0,0,0,0,0,0,0,0,0,0
5,"MULTIPOLYGON(((-105.079078 39.720713,-105.078901 39.720751,-105.078872 39.72074,-105.07878 39.720707,-105.078673 39.720636,-105.078581 39.720509,-105.078488 39.72013,-105.078425 39.720036,-105.078403 39.720004,-105.078267 39.719883,-105.078081 39.719772,-105.077385 39.719356,-105.077236 39.71923,-105.077151 39.719125,-105.077115 39.718955,-105.077108 39.718801,-105.077015 39.718642,-105.076871 39.718476,-105.07716 39.718475,-105.078035 39.718472,-105.079229 39.71846,-105.079242 39.719113,-105.079201 39.719562,-105.079123 39.719816,-105.079087 39.720002,-105.0791 39.720193,-105.07913 39.720366,-105.079143 39.720617,-105.079078 39.720713)))",POINT(-105.078345453981 39.7192764491954),080590116012019,32,32,31,1,31,14,8,9,31,22,5,17,9,3,6
6,"MULTIPOLYGON(((-105.147871 39.690127,-105.147721 39.689968,-105.147643 39.689792,-105.147632 39.688903,-105.147644 39.688749,-105.147652 39.688416,-105.1477 39.688289,-105.147804 39.688138,-105.147951 39.688043,-105.148283 39.687899,-105.148717 39.687737,-105.148837 39.687947,-105.148897 39.688102,-105.148871 39.688319,-105.148718 39.6885,-105.148621 39.688709,-105.148617 39.688926,-105.148701 39.689108,-105.148855 39.689254,-105.149104 39.68942,-105.14923 39.689538,-105.149326 39.689658,-105.149369 39.6898,-105.14941 39.690049,-105.149384 39.690264,-105.148234 39.690257,-105.148034 39.690207,-105.147871 39.690127)))",POINT(-105.148377919117 39.6891931306432),080590117123004,27,27,26,1,26,13,8,5,26,21,5,16,5,2,3
7,"MULTIPOLYGON(((-105.097018 39.693129,-105.097238 39.693197,-105.097195 39.69325,-105.097281 39.693344,-105.097409 39.693525,-105.09738 39.693833,-105.097281 39.69408,-105.097125 39.694245,-105.09576 39.694608,-105.097509 39.694609,-105.097941 39.694614,-105.09795 39.694664,-105.098234 39.695099,-105.097995 39.695182,-105.097814 39.695226,-105.097692 39.69523,-105.097573 39.695281,-105.097483 39.695359,-105.097451 39.695419,-105.097433 39.695775,-105.097449 39.696054,-105.097511 39.696109,-105.097592 39.696125,-105.097919 39.696125,-105.098375 39.696133,-105.098375 39.696534,-105.096584 39.696538,-105.096574 39.69596,-105.096618 39.695566,-105.096644 39.695131,-105.096623 39.695062,-105.096589 39.695012,-105.096494 39.694942,-105.096418 39.694914,-105.09626 39.694891,-105.096157 39.694896,-105.095979 39.694939,-105.095859 39.695007,-105.095801 39.695055,-105.095769 39.695153,-105.095747 39.695364,-105.095705 39.695606,-105.095662 39.695773,-105.095587 39.695991,-105.095573 39.696136,-105.095579 39.696533,-105.094622 39.696535,-105.09461 39.696218,-105.094624 39.696028,-105.0947 39.695838,-105.094806 39.695586,-105.094856 39.695432,-105.094867 39.695321,-105.094851 39.69455,-105.094856 39.694436,-105.094863 39.6943,-105.094898 39.694081,-105.095671 39.693033,-105.095924 39.69269,-105.096707 39.693033,-105.097018 39.693129)))",POINT(-105.09628511711 39.6947998345096),080590117024003,72,72,68,4,68,48,14,6,68,62,12,50,6,2,4
8,"MULTIPOLYGON(((-105.134393 39.582677,-105.134521 39.582754,-105.134886 39.582954,-105.135362 39.583192,-105.135698 39.583374,-105.135379 39.583727,-105.135096 39.583575,-105.134745 39.583463,-105.134442 39.583412,-105.13416 39.583397,-105.133608 39.583398,-105.133435 39.583434,-105.133306 39.583436,-105.13324 39.583519,-105.1332 39.583727,-105.133199 39.584534,-105.132292 39.584533,-105.132304 39.583667,-105.132273 39.583539,-105.132186 39.583476,-105.132067 39.583437,-105.131892 39.583423,-105.131415 39.583419,-105.130519 39.583412,-105.130514 39.583311,-105.130604 39.58328,-105.131288 39.583039,-105.131835 39.582798,-105.132069 39.582572,-105.132164 39.582202,-105.13224 39.582214,-105.132417 39.582017,-105.132541 39.581931,-105.132861 39.581744,-105.133261 39.581722,-105.133722 39.581551,-105.133747 39.581817,-105.133793 39.581996,-105.133864 39.582137,-105.133961 39.582314,-105.134204 39.582564,-105.134393 39.582677)))",POINT(-105.133117390506 39.5830283319341),080590120223005,234,234,219,15,219,139,15,65,219,154,22,132,65,21,44
9,"MULTIPOLYGON(((-105.249226 39.638353,-105.249206 39.638436,-105.249115 39.638477,-105.248955 39.638493,-105.248718 39.638483,-105.247416 39.638513,-105.247309 39.638589,-105.24717 39.638718,-105.247017 39.638869,-105.246854 39.639058,-105.246827 39.639252,-105.246883 39.6394,-105.247013 39.639596,-105.247215 39.639814,-105.24739 39.639956,-105.247526 39.640042,-105.247659 39.640095,-105.247906 39.640178,-105.248136 39.640245,-105.248283 39.640299,-105.248443 39.640393,-105.248558 39.640476,-105.248618 39.640562,-105.248685 39.640691,-105.248678 39.640869,-105.248613 39.64103,-105.248481 39.641157,-105.248328 39.641265,-105.248227 39.64137,-105.248013 39.641664,-105.247891 39.641788,-105.24778 39.641853,-105.247616 39.64191,-105.247342 39.642024,-105.246608 39.642276,-105.246215 39.642392,-105.245888 39.642482,-105.245637 39.642531,-105.245491 39.64258,-105.24539 39.642644,-105.245335 39.642736,-105.245318 39.642924,-105.24527 39.643097,-105.245222 39.64321,-105.245124 39.643275,-105.245055 39.643313,-105.244961 39.64331,-105.244902 39.64327,-105.244877 39.643195,-105.244876 39.642952,-105.244865 39.642855,-105.244792 39.642796,-105.244694 39.642772,-105.244496 39.642754,-105.244196 39.642746,-105.243977 39.64275,-105.243651 39.642762,-105.243604 39.642748,-105.243273 39.642536,-105.24307 39.642439,-105.242913 39.642353,-105.24277 39.642286,-105.242579 39.642209,-105.242317 39.642067,-105.24216 39.641957,-105.242062 39.641841,-105.242002 39.641715,-105.241928 39.641542,-105.241844 39.641327,-105.241809 39.641217,-105.241794 39.640991,-105.241801 39.640794,-105.241744 39.640662,-105.241674 39.640568,-105.241587 39.640482,-105.241448 39.640405,-105.241252 39.640324,-105.241099 39.64029,-105.240823 39.64022,-105.240691 39.640169,-105.240559 39.640105,-105.240478 39.64004,-105.240304 39.639904,-105.240157 39.63981,-105.239902 39.639684,-105.239583 39.639576,-105.240688 39.636635,-105.240825 39.636618,-105.241013 39.636645,-105.241181 39.636728,-105.241372 39.636838,-105.241609 39.636891,-105.241794 39.636912,-105.242006 39.636928,-105.242302 39.63693,-105.242466 39.636962,-105.24262 39.637023,-105.243045 39.637235,-105.243401 39.637377,-105.243837 39.637605,-105.24413 39.63775,-105.244301 39.637806,-105.244534 39.637849,-105.244761 39.63787,-105.24498 39.637848,-105.245244 39.637796,-105.24561 39.63769,-105.245867 39.637622,-105.246072 39.637584,-105.246299 39.637565,-105.246734 39.637564,-105.246925 39.637583,-105.247106 39.637601,-105.247406 39.637638,-105.247678 39.63771,-105.247856 39.637766,-105.248009 39.637836,-105.248166 39.637941,-105.248344 39.638053,-105.24855 39.638163,-105.248707 39.63823,-105.248867 39.638278,-105.249226 39.638353)))",POINT(-105.24416239843 39.6397740266971),080590120273009,5,5,3,2,3,3,0,0,3,3,0,3,0,0,0
10,"MULTIPOLYGON(((-105.090895 39.724081,-105.090895 39.724096,-105.090867 39.724086,-105.090823 39.724077,-105.09041 39.724154,-105.090254 39.724143,-105.090147 39.724116,-105.089898 39.723995,-105.089727 39.723984,-105.089407 39.724039,-105.089223 39.72405,-105.089002 39.723973,-105.088689 39.723754,-105.088523 39.723701,-105.088497 39.723693,-105.088258 39.72367,-105.088098 39.723655,-105.087593 39.723628,-105.087472 39.723605,-105.087138 39.72354,-105.086918 39.72348,-105.086683 39.723441,-105.086441 39.723359,-105.086386 39.72333,-105.086387 39.723308,-105.086377 39.722147,-105.086956 39.722138,-105.087472 39.72214,-105.088254 39.722128,-105.088573 39.722122,-105.089496 39.722119,-105.090887 39.722122,-105.090889 39.722253,-105.090895 39.724081)))",POINT(-105.08883082228 39.7229829569666),080590112021007,31,31,30,1,30,21,9,0,30,30,5,25,0,0,0
11,"MULTIPOLYGON(((-105.057875 39.569466,-105.057616 39.569811,-105.057571 39.569814,-105.057472 39.570011,-105.057015 39.570915,-105.056799 39.57132,-105.057256 39.56992,-105.057356 39.569816,-105.057597 39.569448,-105.057732 39.569311,-105.057888 39.569036,-105.058023 39.568921,-105.058094 39.56874,-105.058484 39.568015,-105.058851 39.567183,-105.059104 39.567184,-105.059062 39.568045,-105.05875 39.568497,-105.057875 39.569466)))",POINT(-105.058252838527 39.5687301482476),080590120532021,0,0,0,0,0,0,0,0,0,0,0,0,0,0,0
12,"MULTIPOLYGON(((-105.135758 39.62519,-105.135425 39.625194,-105.13475 39.625226,-105.134296 39.625248,-105.133415 39.625121,-105.132954 39.625121,-105.132364 39.625137,-105.132009 39.625187,-105.131661 39.625247,-105.131185 39.625241,-105.130787 39.625186,-105.130091 39.62523,-105.129443 39.625216,-105.130377 39.624135,-105.131696 39.624107,-105.133454 39.624137,-105.133844 39.624137,-105.135761 39.624138,-105.137681 39.624126,-105.137693 39.625212,-105.137385 39.625215,-105.137144 39.625217,-105.136889 39.625216,-105.136803 39.625209,-105.136249 39.625167,-105.135873 39.625189,-105.135758 39.62519)))",POINT(-105.133784976293 39.6246738442208),080590120391012,8,8,8,0,8,7,1,0,8,8,3,5,0,0,0
13,"MULTIPOLYGON(((-105.092889 39.868241,-105.092721 39.868049,-105.092577 39.867956,-105.093111 39.867183,-105.093571 39.867415,-105.094078 39.867694,-105.094509 39.867926,-105.094787 39.868047,-105.095121 39.86814,-105.095504 39.868223,-105.095963 39.86831,-105.096555 39.868334,-105.096776 39.868359,-105.096921 39.868458,-105.097123 39.868653,-105.097461 39.868951,-105.097967 39.869434,-105.097024 39.870043,-105.096835 39.870189,-105.096658 39.870369,-105.096094 39.870124,-105.095741 39.869972,-105.095312 39.869678,-105.095066 39.869483,-105.094897 39.869374,-105.094587 39.869227,-105.093879 39.86907,-105.093688 39.869,-105.09348 39.868908,-105.093305 39.868753,-105.093052 39.868449,-105.092889 39.868241)))",POINT(-105.09528807025 39.8688243916668),080590098282014,61,61,60,1,60,51,5,4,60,56,27,29,4,2,2
14,"MULTIPOLYGON(((-105.225192 39.766583,-105.226054 39.767393,-105.226687 39.768217,-105.226744 39.768305,-105.226712 39.768396,-105.226626 39.768462,-105.226411 39.768494,-105.226147 39.76846,-105.225967 39.768401,-105.225751 39.768138,-105.224566 39.766803,-105.225192 39.766583)))",POINT(-105.225697900551 39.7675650594572),080590098433081,14,14,14,0,14,12,1,1,14,13,5,8,1,0,1
15,"MULTIPOLYGON(((-105.066263 39.868591,-105.066089 39.868599,-105.065712 39.868627,-105.065341 39.868676,-105.064856 39.868786,-105.064728 39.86883,-105.064471 39.868984,-105.064379 39.869083,-105.064329 39.869181,-105.064222 39.869566,-105.064108 39.869945,-105.064094 39.870016,-105.064022 39.870214,-105.064008 39.870247,-105.063915 39.870346,-105.063823 39.87039,-105.063367 39.870516,-105.062775 39.870544,-105.062533 39.870533,-105.062432 39.870539,-105.062435 39.870524,-105.062445 39.870358,-105.062458 39.870137,-105.062475 39.869835,-105.062503 39.868978,-105.063101 39.868988,-105.063567 39.868984,-105.063675 39.86897,-105.063847 39.868912,-105.063948 39.868866,-105.064783 39.868259,-105.065135 39.868019,-105.065341 39.867918,-105.065528 39.867851,-105.065587 39.867825,-105.065729 39.867814,-105.065995 39.867817,-105.066357 39.867845,-105.066324 39.868147,-105.066263 39.868591)))",POINT(-105.064045113019 39.8692243406878),080590098273006,10,10,10,0,10,9,0,1,10,9,6,3,1,0,1
16,"MULTIPOLYGON(((-105.316855 39.544263,-105.316526 39.544295,-105.31627 39.543983,-105.315853 39.543497,-105.315647 39.5433,-105.315491 39.543107,-105.315423 39.542983,-105.315317 39.542811,-105.315165 39.542455,-105.314939 39.541877,-105.314787 39.541397,-105.31469 39.541133,-105.314446 39.540633,-105.314298 39.540231,-105.314141 39.539628,-105.313872 39.538665,-105.313766 39.538359,-105.313683 39.53807,-105.313636 39.537886,-105.313571 39.537527,-105.313515 39.537266,-105.313404 39.536984,-105.313124 39.536561,-105.312169 39.535449,-105.312249 39.535366,-105.312274 39.535338,-105.312311 39.535415,-105.31275 39.535849,-105.313595 39.53687,-105.313751 39.537145,-105.314198 39.538815,-105.314191 39.539035,-105.314389 39.539221,-105.314616 39.539501,-105.31456 39.539743,-105.314595 39.539847,-105.314715 39.540029,-105.314872 39.540188,-105.315241 39.540485,-105.315361 39.540726,-105.315397 39.540996,-105.315404 39.541237,-105.315439 39.541523,-105.315425 39.541737,-105.31551 39.541896,-105.315602 39.541973,-105.315581 39.542144,-105.315773 39.542468,-105.31578 39.542753,-105.315844 39.542984,-105.31595 39.543176,-105.316489 39.543879,-105.316759 39.544137,-105.316855 39.544263)))",POINT(-105.314728616843 39.5404315584648),080590120321029,0,0,0,0,0,0,0,0,0,0,0,0,0,0,0
17,"MULTIPOLYGON(((-105.378087 39.414107,-105.378243 39.414188,-105.378305 39.414142,-105.378336 39.414147,-105.378457 39.414181,-105.378631 39.414321,-105.378851 39.414573,-105.379278 39.415013,-105.37973 39.415285,-105.379843 39.415359,-105.379999 39.415468,-105.380272 39.415533,-105.380572 39.415927,-105.381054 39.41589,-105.381134 39.416003,-105.381372 39.41622,-105.381837 39.416208,-105.382062 39.41607,-105.382511 39.415894,-105.383072 39.415845,-105.383401 39.415652,-105.383615 39.4155,-105.383883 39.415484,-105.384663 39.415768,-105.384594 39.415819,-105.384554 39.415822,-105.38423 39.415659,-105.383782 39.415595,-105.383436 39.415761,-105.382809 39.416069,-105.382246 39.416273,-105.381657 39.416363,-105.381411 39.416353,-105.381209 39.416337,-105.380658 39.416184,-105.379737 39.415761,-105.378687 39.414904,-105.378087 39.414107)))",POINT(-105.380588835288 39.4155487691661),080590120583037,0,0,0,0,0,0,0,0,0,0,0,0,0,0,0
18,"MULTIPOLYGON(((-105.19854 39.679128,-105.198424 39.679321,-105.19828 39.679505,-105.1981 39.679654,-105.197828 39.679793,-105.197744 39.679829,-105.196857 39.679566,-105.196321 39.678957,-105.196042 39.67858,-105.195744 39.678231,-105.195436 39.677886,-105.195063 39.67738,-105.194689 39.676748,-105.194561 39.676429,-105.194479 39.676147,-105.194367 39.67551,-105.194218 39.674348,-105.194112 39.673684,-105.194012 39.673325,-105.193912 39.672706,-105.193862 39.6715,-105.194163 39.671417,-105.194237 39.671371,-105.194706 39.67108,-105.194876 39.670975,-105.196059 39.670237,-105.196352 39.670054,-105.196612 39.669823,-105.196944 39.6694,-105.197417 39.668757,-105.197901 39.668113,-105.198039 39.668458,-105.198177 39.668744,-105.198358 39.668891,-105.198667 39.669011,-105.199048 39.669147,-105.199281 39.669242,-105.199528 39.669403,-105.199819 39.669652,-105.199971 39.669879,-105.200154 39.670408,-105.200307 39.671039,-105.200513 39.671545,-105.200757 39.672162,-105.20083 39.672683,-105.200845 39.673109,-105.200984 39.673199,-105.201158 39.673172,-105.201345 39.67298,-105.201613 39.6726,-105.202028 39.673707,-105.202092 39.673878,-105.202255 39.674252,-105.202453 39.674517,-105.202659 39.674857,-105.202716 39.675224,-105.202719 39.675241,-105.202693 39.675594,-105.202537 39.675891,-105.202375 39.676088,-105.202103 39.676304,-105.201656 39.676498,-105.201343 39.676579,-105.200896 39.676647,-105.200193 39.676599,-105.199873 39.676636,-105.199642 39.676676,-105.199416 39.676776,-105.199149 39.67692,-105.198906 39.67718,-105.198767 39.677472,-105.198612 39.677975,-105.198579 39.678419,-105.198597 39.678823,-105.19854 39.679128)))",POINT(-105.197858841386 39.67404431696),080590098453019,7,7,5,2,5,1,3,1,5,4,0,4,1,0,1
19,"MULTIPOLYGON(((-105.311716 39.569941,-105.311785 39.569992,-105.312009 39.570154,-105.312199 39.570414,-105.312517 39.570826,-105.312333 39.570943,-105.312063 39.571133,-105.311711 39.57139,-105.311574 39.571434,-105.311467 39.571444,-105.311294 39.571365,-105.31113 39.571232,-105.311009 39.571119,-105.310867 39.57106,-105.310774 39.571062,-105.310717 39.571064,-105.310558 39.571151,-105.310447 39.571297,-105.310366 39.571424,-105.310131 39.571881,-105.31002 39.572051,-105.30987 39.572187,-105.309677 39.572304,-105.309458 39.572378,-105.3092 39.572369,-105.308875 39.572306,-105.308673 39.572147,-105.308506 39.571963,-105.308393 39.571745,-105.308321 39.571541,-105.308275 39.571244,-105.308224 39.570977,-105.308161 39.570811,-105.30799 39.570655,-105.307468 39.570329,-105.307179 39.570114,-105.307025 39.569962,-105.306594 39.569637,-105.306504 39.569506,-105.306503 39.569411,-105.306503 39.569371,-105.306543 39.56926,-105.306917 39.568733,-105.306947 39.568497,-105.306878 39.568102,-105.306832 39.567884,-105.306839 39.567824,-105.306854 39.567687,-105.307045 39.567444,-105.307223 39.567273,-105.307563 39.567044,-105.307826 39.566884,-105.307937 39.566769,-105.307986 39.566662,-105.307953 39.566364,-105.307966 39.566139,-105.308046 39.566031,-105.30826 39.565899,-105.308497 39.565791,-105.30868 39.565649,-105.308858 39.565461,-105.308991 39.565253,-105.309218 39.564958,-105.309374 39.564725,-105.309471 39.5645,-105.309527 39.564008,-105.309561 39.563578,-105.309705 39.562806,-105.309762 39.562546,-105.309801 39.562168,-105.309894 39.561981,-105.310179 39.561582,-105.310232 39.561422,-105.310222 39.561225,-105.310145 39.561055,-105.309974 39.560872,-105.309817 39.560724,-105.30974 39.560668,-105.309798 39.560646,-105.311343 39.560045,-105.311483 39.559991,-105.311608 39.560186,-105.311833 39.56046,-105.312035 39.560608,-105.312242 39.560725,-105.312567 39.560873,-105.313183 39.561144,-105.31309 39.561443,-105.313036 39.561683,-105.313032 39.561861,-105.313092 39.562039,-105.313222 39.562245,-105.313408 39.56247,-105.313482 39.562644,-105.313492 39.562872,-105.31348 39.563122,-105.313453 39.563379,-105.313382 39.563878,-105.313338 39.564375,-105.313252 39.564775,-105.313194 39.565173,-105.313073 39.565819,-105.313009 39.566033,-105.312945 39.566186,-105.31279 39.566476,-105.3123 39.567258,-105.311985 39.567779,-105.311839 39.5681,-105.311739 39.568411,-105.311601 39.56889,-105.311594 39.568914,-105.311549 39.5692,-105.311518 39.569553,-105.31151 39.569692,-105.311556 39.569788,-105.311681 39.569916,-105.311716 39.569941)))",POINT(-105.310385264823 39.5664839643278),080590120321004,34,34,33,1,33,20,10,3,33,30,10,20,3,1,2
20,"MULTIPOLYGON(((-105.098996 39.898246,-105.097013 39.898582,-105.096771 39.898338,-105.096038 39.898432,-105.096015 39.897686,-105.096169 39.897633,-105.09639 39.897606,-105.096604 39.8976,-105.096996 39.897704,-105.097274 39.89783,-105.097688 39.898028,-105.098387 39.898215,-105.098872 39.898231,-105.098996 39.898246)))",POINT(-105.097028097295 39.8981132608143),080590605001033,0,0,0,0,0,0,0,0,0,0,0,0,0,0,0
21,"MULTIPOLYGON(((-105.185611 39.807892,-105.184807 39.807652,-105.18471 39.807581,-105.18465 39.80747,-105.18465 39.80734,-105.184702 39.807241,-105.184789 39.807179,-105.185131 39.807007,-105.185411 39.806827,-105.185767 39.806461,-105.185887 39.80635,-105.185996 39.806272,-105.18612 39.806247,-105.186266 39.80626,-105.186386 39.806315,-105.186535 39.806469,-105.186664 39.806695,-105.186812 39.807037,-105.186866 39.807228,-105.186882 39.807413,-105.186737 39.807431,-105.186449 39.807498,-105.186095 39.80761,-105.185795 39.807743,-105.185611 39.807892)))",POINT(-105.185839045978 39.8071271876503),080590098422027,17,17,16,1,16,16,0,0,16,16,10,6,0,0,0
22,"MULTIPOLYGON(((-105.147357 39.812679,-105.147358 39.812679,-105.148699 39.812665,-105.148728 39.813241,-105.148726 39.813989,-105.148709 39.814442,-105.148797 39.814684,-105.14864 39.814752,-105.148286 39.814784,-105.147802 39.81476,-105.147775 39.81544,-105.147777 39.815747,-105.14784 39.815856,-105.147932 39.815956,-105.148029 39.816019,-105.148313 39.81611,-105.14863 39.816139,-105.149298 39.816131,-105.149784 39.816103,-105.150397 39.816053,-105.150805 39.816009,-105.151625 39.815934,-105.151623 39.815164,-105.152295 39.815171,-105.152294 39.815873,-105.152291 39.816216,-105.152333 39.816485,-105.152338 39.816514,-105.152427 39.816693,-105.152531 39.816879,-105.152788 39.81719,-105.152874 39.817295,-105.15339 39.817895,-105.153642 39.818217,-105.153556 39.818262,-105.153415 39.818337,-105.153166 39.818405,-105.152728 39.818484,-105.151709 39.818667,-105.151329 39.818716,-105.151031 39.818672,-105.150748 39.818583,-105.150999 39.818191,-105.151124 39.817953,-105.151133 39.817813,-105.151126 39.817675,-105.15101 39.817477,-105.150758 39.817131,-105.150613 39.816968,-105.150462 39.816853,-105.150296 39.8168,-105.15012 39.816788,-105.149602 39.816798,-105.148821 39.816826,-105.148303 39.816834,-105.148127 39.816851,-105.147992 39.816909,-105.147848 39.817002,-105.147788 39.81713,-105.147782 39.817258,-105.147778 39.817933,-105.14731 39.817929,-105.147159 39.817929,-105.147147 39.816378,-105.147118 39.81268,-105.147357 39.812679)))",POINT(-105.1497881318 39.8160896202488),080590098401005,81,81,80,1,80,62,12,6,80,74,28,46,6,4,2
23,"MULTIPOLYGON(((-105.082077 39.592107,-105.081456 39.591882,-105.081327 39.591812,-105.081034 39.59174,-105.080871 39.591709,-105.080462 39.591523,-105.080282 39.591384,-105.080156 39.591241,-105.079836 39.590767,-105.080722 39.590468,-105.080989 39.590373,-105.081274 39.590298,-105.081615 39.590299,-105.082077 39.5903,-105.082528 39.590301,-105.082514 39.591172,-105.08293 39.591177,-105.083103 39.591168,-105.083251 39.591097,-105.083764 39.590695,-105.084138 39.590635,-105.08486 39.590655,-105.085068 39.590715,-105.085295 39.590825,-105.085403 39.590923,-105.085505 39.591061,-105.085568 39.591263,-105.085553 39.591447,-105.084736 39.591455,-105.084291 39.591452,-105.084084 39.591519,-105.083944 39.591647,-105.083916 39.591796,-105.08393 39.592134,-105.083603 39.592127,-105.083408 39.592182,-105.083049 39.59236,-105.082805 39.592463,-105.082656 39.592441,-105.082564 39.592381,-105.082077 39.59217,-105.082077 39.592107)))",POINT(-105.082546786214 39.5912596477044),080590120525012,64,64,64,0,64,45,13,6,64,58,21,37,6,1,5
24,"MULTIPOLYGON(((-105.215877 39.746082,-105.215115 39.745261,-105.216158 39.744674,-105.216932 39.745484,-105.215877 39.746082)))",POINT(-105.216021095046 39.7453763624263),080590100003019,10,10,10,0,10,6,0,4,10,6,2,4,4,0,4
25,"MULTIPOLYGON(((-105.064001 39.851328,-105.064041 39.851556,-105.064053 39.851628,-105.064137 39.851955,-105.064327 39.852405,-105.06435 39.852444,-105.064591 39.85286,-105.064801 39.853145,-105.065409 39.853719,-105.06485 39.854099,-105.064423 39.854296,-105.064267 39.85433,-105.064238 39.854329,-105.064075 39.854321,-105.063854 39.854292,-105.063657 39.854236,-105.063513 39.854155,-105.063326 39.853981,-105.063225 39.853778,-105.063185 39.853551,-105.063165 39.852502,-105.063204 39.851628,-105.063223 39.851496,-105.063269 39.851401,-105.063407 39.851366,-105.064001 39.851328)))",POINT(-105.063973665559 39.8530225209782),080590098332006,36,36,36,0,36,22,11,3,36,33,10,23,3,3,0
26,"MULTIPOLYGON(((-105.103019 39.791946,-105.103969 39.791937,-105.103961 39.792268,-105.103955 39.79255,-105.103899 39.792724,-105.103856 39.792788,-105.103703 39.792893,-105.103583 39.792926,-105.103035 39.792997,-105.103009 39.792662,-105.103019 39.791946)))",POINT(-105.103466356544 39.7924265713532),080590104023003,9,9,8,1,8,5,2,1,8,7,1,6,1,1,0
27,"MULTIPOLYGON(((-105.085814 39.873941,-105.085821 39.874327,-105.085816 39.874612,-105.085814 39.874742,-105.085844 39.874856,-105.085882 39.874948,-105.086014 39.87503,-105.086112 39.875073,-105.086269 39.875104,-105.086315 39.875108,-105.086415 39.875118,-105.087359 39.875114,-105.087641 39.875125,-105.087744 39.875154,-105.087904 39.875179,-105.08813 39.875255,-105.088341 39.875287,-105.088576 39.875301,-105.089543 39.875217,-105.089886 39.875177,-105.090116 39.875101,-105.090228 39.875044,-105.090311 39.87496,-105.090382 39.874809,-105.090412 39.874556,-105.090374 39.874146,-105.090328 39.873873,-105.090234 39.873728,-105.09006 39.87349,-105.089094 39.872393,-105.088637 39.871969,-105.088418 39.871801,-105.088256 39.871714,-105.088064 39.871621,-105.087871 39.871569,-105.087702 39.871529,-105.087383 39.87152,-105.084796 39.871548,-105.081543 39.871547,-105.081543 39.871184,-105.088272 39.871104,-105.088764 39.87154,-105.090985 39.873095,-105.091079 39.875479,-105.090954 39.875456,-105.090776 39.875434,-105.090541 39.875538,-105.090306 39.875939,-105.090178 39.87601,-105.090021 39.876011,-105.089785 39.87589,-105.089215 39.87572,-105.088937 39.875698,-105.088431 39.875736,-105.088082 39.87567,-105.087875 39.875555,-105.087547 39.875434,-105.087297 39.875451,-105.086855 39.875632,-105.086642 39.875665,-105.086021 39.875572,-105.085859 39.875523,-105.085786 39.875501,-105.085544 39.87538,-105.08528 39.875314,-105.085066 39.875308,-105.084874 39.875237,-105.084838 39.875166,-105.084921 39.874946,-105.085073 39.874546,-105.08503 39.87432,-105.084888 39.8742,-105.084731 39.874156,-105.084631 39.87415,-105.084545 39.874172,-105.084396 39.874271,-105.08426 39.874403,-105.084161 39.874557,-105.084075 39.874623,-105.083918 39.8747,-105.083797 39.874826,-105.083719 39.874853,-105.083562 39.874837,-105.083405 39.874793,-105.083327 39.87481,-105.083241 39.874864,-105.08307 39.87493,-105.082899 39.874941,-105.08255 39.874804,-105.082471 39.874799,-105.082386 39.874744,-105.08173 39.874777,-105.081677 39.874777,-105.081839 39.87409,-105.081789 39.873956,-105.082507 39.873952,-105.085814 39.873941)))",POINT(-105.08677925846 39.8736392749456),080590098281022,26,26,26,0,26,19,6,1,26,25,4,21,1,1,0
28,"MULTIPOLYGON(((-105.088274 39.691181,-105.08833 39.691203,-105.088415 39.691209,-105.088985 39.691219,-105.089368 39.691223,-105.089692 39.691266,-105.089995 39.691351,-105.090411 39.691522,-105.089937 39.69214,-105.089678 39.692013,-105.089451 39.69196,-105.089324 39.691939,-105.088303 39.691929,-105.08796 39.691916,-105.087857 39.691885,-105.087493 39.691612,-105.087346 39.691472,-105.087246 39.691329,-105.087164 39.691125,-105.087147 39.691017,-105.087155 39.689436,-105.088067 39.689434,-105.088072 39.690998,-105.088081 39.691053,-105.088138 39.691108,-105.088274 39.691181)))",POINT(-105.088289033778 39.6910121951791),080590117021011,36,36,35,1,35,22,10,3,35,32,4,28,3,2,1
29,"MULTIPOLYGON(((-105.216772 39.750489,-105.217824 39.74992,-105.218901 39.74933,-105.219994 39.748733,-105.220705 39.749535,-105.221488 39.750361,-105.22044 39.750935,-105.220334 39.750991,-105.21936 39.751505,-105.218658 39.750695,-105.217539 39.751291,-105.216772 39.750489)))",POINT(-105.219272147766 39.7502202012689),080590100002028,0,0,0,0,0,0,0,0,0,0,0,0,0,0,0
30,"MULTIPOLYGON(((-105.095629 39.689415,-105.096581 39.689418,-105.097473 39.689407,-105.097246 39.690387,-105.097144 39.691061,-105.096656 39.691057,-105.096393 39.691162,-105.096054 39.691307,-105.095825 39.69103,-105.095635 39.690898,-105.095217 39.690727,-105.094947 39.690588,-105.094794 39.690469,-105.094698 39.690284,-105.094676 39.689422,-105.095629 39.689415)))",POINT(-105.096084833745 39.6901823059757),080590117024019,36,36,36,0,36,23,10,3,36,33,11,22,3,1,2
31,"MULTIPOLYGON(((-105.230182 39.579759,-105.230443 39.57975,-105.23056 39.579827,-105.230582 39.579934,-105.230538 39.580076,-105.230406 39.580192,-105.230156 39.580244,-105.229811 39.580215,-105.229623 39.580258,-105.22949 39.580375,-105.229429 39.580491,-105.229441 39.580873,-105.22942 39.581105,-105.229293 39.581299,-105.229132 39.581415,-105.228655 39.5817,-105.22849 39.581902,-105.228407 39.582066,-105.228366 39.582174,-105.228346 39.582225,-105.228302 39.582401,-105.228321 39.582524,-105.22839 39.582643,-105.227056 39.583349,-105.225382 39.584228,-105.223147 39.585415,-105.222599 39.585758,-105.22208 39.586157,-105.22168 39.586575,-105.221313 39.586994,-105.221106 39.587361,-105.220919 39.587803,-105.220802 39.588259,-105.220779 39.588831,-105.220862 39.589476,-105.221096 39.590101,-105.22143 39.590682,-105.221727 39.591108,-105.221992 39.591445,-105.221711 39.591446,-105.221585 39.591437,-105.221384 39.591446,-105.221166 39.591482,-105.220982 39.591536,-105.220753 39.59167,-105.220403 39.591884,-105.219847 39.592249,-105.219481 39.592467,-105.219251 39.592579,-105.218985 39.591966,-105.218852 39.591682,-105.218753 39.591499,-105.218649 39.591152,-105.218589 39.590863,-105.218559 39.590677,-105.218671 39.590346,-105.218729 39.590098,-105.218709 39.589961,-105.218472 39.589494,-105.218185 39.588985,-105.217992 39.588582,-105.217937 39.588346,-105.217926 39.587886,-105.217906 39.587605,-105.217787 39.587324,-105.217589 39.586974,-105.21749 39.586776,-105.217435 39.586552,-105.217459 39.586229,-105.217654 39.585875,-105.217924 39.58557,-105.218228 39.585288,-105.218375 39.585086,-105.218428 39.584957,-105.218501 39.584781,-105.218574 39.58434,-105.218646 39.58394,-105.218734 39.583609,-105.218806 39.583301,-105.219017 39.583023,-105.219203 39.582848,-105.219851 39.582523,-105.219998 39.582367,-105.220027 39.582196,-105.219893 39.581861,-105.219695 39.581394,-105.219576 39.581006,-105.219552 39.580924,-105.219569 39.580881,-105.219611 39.580759,-105.219597 39.580616,-105.219483 39.580281,-105.219334 39.5801,-105.21917 39.579957,-105.218837 39.579727,-105.218716 39.579568,-105.218623 39.579095,-105.218581 39.578815,-105.218595 39.578365,-105.218296 39.577596,-105.218175 39.577332,-105.218005 39.577096,-105.217728 39.576805,-105.2177 39.57669,-105.217735 39.576464,-105.217671 39.576365,-105.217607 39.576223,-105.217657 39.576102,-105.217777 39.575838,-105.217784 39.575629,-105.217756 39.574987,-105.217685 39.5748,-105.217578 39.574635,-105.217472 39.574531,-105.217365 39.574487,-105.217235 39.574455,-105.217229 39.574164,-105.217223 39.573761,-105.217269 39.572797,-105.217317 39.572429,-105.21735 39.572003,-105.217344 39.571574,-105.217348 39.571174,-105.217426 39.570984,-105.217656 39.570786,-105.217887 39.570663,-105.218265 39.570454,-105.218549 39.57027,-105.218863 39.56995,-105.219267 39.570243,-105.219483 39.570371,-105.219685 39.570451,-105.219905 39.570468,-105.2201 39.570459,-105.220089 39.570687,-105.220016 39.570842,-105.219854 39.570896,-105.219529 39.570832,-105.219264 39.570828,-105.219131 39.570901,-105.218798 39.571308,-105.21871 39.571518,-105.218696 39.571727,-105.218815 39.57186,-105.219011 39.571951,-105.219184 39.571939,-105.219557 39.571855,-105.21995 39.571755,-105.220245 39.571812,-105.220447 39.571933,-105.220678 39.572058,-105.220875 39.57213,-105.221283 39.57216,-105.221553 39.57214,-105.22171 39.571988,-105.221729 39.571824,-105.221639 39.571387,-105.221742 39.571234,-105.221997 39.571108,-105.222311 39.570967,-105.222419 39.570864,-105.222536 39.570761,-105.222664 39.570791,-105.222758 39.570818,-105.22296 39.570867,-105.223993 39.57115,-105.224366 39.57121,-105.225104 39.571304,-105.22561 39.571364,-105.226589 39.571506,-105.226884 39.571544,-105.227161 39.571517,-105.22747 39.571445,-105.22823 39.5713,-105.229159 39.571052,-105.229482 39.570971,-105.229762 39.570945,-105.230118 39.570951,-105.230981 39.570994,-105.231527 39.571048,-105.231834 39.571088,-105.231642 39.571233,-105.231298 39.571316,-105.231004 39.571364,-105.230771 39.571497,-105.23024 39.572066,-105.230196 39.572255,-105.230313 39.57253,-105.230486 39.572753,-105.230587 39.572899,-105.230626 39.573019,-105.230756 39.573784,-105.230757 39.57402,-105.23068 39.574141,-105.23022 39.57452,-105.230054 39.574701,-105.229955 39.574911,-105.229917 39.575238,-105.229907 39.575492,-105.229874 39.575676,-105.229797 39.575801,-105.229686 39.575849,-105.229464 39.575836,-105.229052 39.575713,-105.228841 39.575691,-105.228186 39.575865,-105.227654 39.575995,-105.227382 39.57609,-105.227171 39.576193,-105.226545 39.576474,-105.226101 39.576634,-105.225801 39.576776,-105.225596 39.576893,-105.225297 39.577117,-105.224959 39.577384,-105.224322 39.577905,-105.223851 39.578314,-105.223802 39.578512,-105.22383 39.578619,-105.223897 39.578731,-105.224142 39.578975,-105.224298 39.579096,-105.225116 39.579601,-105.225483 39.579768,-105.225783 39.57981,-105.2261 39.579732,-105.226499 39.579478,-105.226804 39.579336,-105.227192 39.579214,-105.227448 39.579171,-105.227642 39.579184,-105.227931 39.579312,-105.228337 39.579586,-105.228727 39.579766,-105.229032 39.57983,-105.229582 39.579842,-105.230182 39.579759)))",POINT(-105.22290210141 39.5788728661987),080590120332002,64,64,58,6,58,43,10,5,58,53,12,41,5,2,3
32,"MULTIPOLYGON(((-105.069193 39.818268,-105.070113 39.818279,-105.070119 39.818997,-105.070112 39.82008,-105.069192 39.820078,-105.069193 39.818268)))",POINT(-105.069653716805 39.8191760474391),080590102122002,16,16,16,0,16,10,3,3,16,13,3,10,3,2,1
33,"MULTIPOLYGON(((-105.071141 39.765721,-105.072044 39.765735,-105.07206 39.766976,-105.070202 39.766974,-105.070196 39.76636,-105.070289 39.766252,-105.070426 39.766204,-105.070872 39.766196,-105.071001 39.766164,-105.071124 39.766067,-105.071141 39.765721)))",POINT(-105.071239166702 39.7664431262561),080590107011004,14,14,13,1,13,7,6,0,13,13,3,10,0,0,0
34,"MULTIPOLYGON(((-105.138374 39.85455,-105.138371 39.854956,-105.13857 39.856001,-105.137765 39.855718,-105.138262 39.853649,-105.138379 39.853675,-105.138374 39.85455)))",POINT(-105.138194215246 39.855057614324),080590098152006,0,0,0,0,0,0,0,0,0,0,0,0,0,0,0
35,"MULTIPOLYGON(((-105.109943 39.566254,-105.109985 39.566752,-105.110046 39.567093,-105.110053 39.5673,-105.110218 39.569582,-105.107742 39.569584,-105.107724 39.568164,-105.107687 39.567915,-105.107605 39.567631,-105.10737 39.567287,-105.107265 39.566918,-105.107255 39.566257,-105.109943 39.566254)))",POINT(-105.108818368503 39.5678783736577),080590120574001,0,0,0,0,0,0,0,0,0,0,0,0,0,0,0
36,"MULTIPOLYGON(((-105.071991 39.821104,-105.071982 39.820082,-105.072993 39.820068,-105.073941 39.820079,-105.074827 39.820089,-105.074813 39.821382,-105.074812 39.822981,-105.073927 39.822986,-105.073926 39.822304,-105.073896 39.821139,-105.071991 39.821104)))",POINT(-105.073750796669 39.821120595144),080590102082016,38,38,37,1,37,26,6,5,37,32,14,18,5,1,4
37,"MULTIPOLYGON(((-105.261881 39.821698,-105.261946 39.821562,-105.261988 39.821386,-105.261991 39.821216,-105.261918 39.821018,-105.261766 39.82079,-105.261559 39.820562,-105.261389 39.820412,-105.261229 39.820254,-105.261215 39.82024,-105.260833 39.81985,-105.260685 39.8197,-105.260529 39.819589,-105.26037 39.819509,-105.260275 39.819492,-105.260309 39.819446,-105.260324 39.819413,-105.260466 39.819501,-105.260715 39.819616,-105.260822 39.819693,-105.26142 39.820001,-105.261484 39.820012,-105.261734 39.820023,-105.262311 39.820018,-105.262645 39.820068,-105.262724 39.820123,-105.262809 39.820353,-105.262866 39.820425,-105.262987 39.820491,-105.263151 39.82059,-105.263314 39.820771,-105.263343 39.820908,-105.263293 39.821117,-105.263271 39.821287,-105.263314 39.821364,-105.263399 39.821414,-105.263506 39.821535,-105.263542 39.82187,-105.263698 39.822276,-105.263776 39.822639,-105.263762 39.822803,-105.263676 39.822974,-105.263676 39.823056,-105.263761 39.82321,-105.263882 39.823375,-105.263832 39.823479,-105.263767 39.8238,-105.263704 39.824111,-105.263739 39.824253,-105.264045 39.824539,-105.264109 39.824655,-105.26428 39.824803,-105.264351 39.824935,-105.264522 39.825116,-105.264622 39.825248,-105.264686 39.825517,-105.264686 39.825545,-105.264764 39.825638,-105.264864 39.825797,-105.264807 39.826077,-105.26487 39.82627,-105.265241 39.826709,-105.265312 39.82694,-105.265475 39.827209,-105.265682 39.827319,-105.265881 39.827511,-105.266009 39.82777,-105.266109 39.828319,-105.266301 39.828445,-105.266522 39.828643,-105.266628 39.828835,-105.266635 39.82894,-105.266536 39.828984,-105.266249 39.828904,-105.26609 39.828786,-105.265752 39.828477,-105.265705 39.828398,-105.265777 39.828231,-105.265864 39.828031,-105.264632 39.826183,-105.264273 39.825861,-105.264205 39.82581,-105.264201 39.825698,-105.264152 39.825588,-105.264066 39.825506,-105.264002 39.825259,-105.264009 39.824891,-105.263931 39.824764,-105.263817 39.824698,-105.26339 39.824671,-105.263119 39.824603,-105.263041 39.824583,-105.26292 39.824511,-105.262692 39.824226,-105.262592 39.824176,-105.262343 39.823824,-105.262322 39.823544,-105.262394 39.823303,-105.262436 39.823165,-105.262515 39.823083,-105.262586 39.822567,-105.262551 39.822358,-105.262046 39.821858,-105.261916 39.821734,-105.261881 39.821698)))",POINT(-105.263253320457 39.823083412304),080590098082049,0,0,0,0,0,0,0,0,0,0,0,0,0,0,0
38,"MULTIPOLYGON(((-105.086224 39.692115,-105.085311 39.692112,-105.085302 39.689436,-105.086216 39.689438,-105.086224 39.692115)))",POINT(-105.085763277742 39.6907750051389),080590117021009,24,24,23,1,23,17,3,3,23,20,13,7,3,1,2
39,"MULTIPOLYGON(((-105.155515 39.730065,-105.155356 39.730445,-105.155276 39.730604,-105.155282 39.730047,-105.155515 39.730065)))",POINT(-105.155358601935 39.730243696892),080590109011010,0,0,0,0,0,0,0,0,0,0,0,0,0,0,0
40,"MULTIPOLYGON(((-105.10029 39.687572,-105.099325 39.687574,-105.099304 39.685769,-105.10028 39.685757,-105.10029 39.687572)))",POINT(-105.099800178497 39.6866662740002),080590117023010,16,16,14,2,14,12,0,2,14,12,7,5,2,1,1
41,"MULTIPOLYGON(((-102.775734 38.480016,-102.776385 38.480019,-102.776378 38.480984,-102.775751 38.480985,-102.775734 38.480016)))",POINT(-102.776061766162 38.4804979756382),080619601002024,4,4,3,1,3,0,3,0,3,3,0,3,0,0,0
42,"MULTIPOLYGON(((-102.534182 38.333771,-102.534204 38.334084,-102.53417 38.334457,-102.534158 38.334973,-102.534102 38.335164,-102.534074 38.335028,-102.534024 38.334452,-102.53389 38.334167,-102.533834 38.333964,-102.533812 38.333563,-102.533769 38.333393,-102.533636 38.33324,-102.533259 38.332949,-102.533126 38.332813,-102.532979 38.332588,-102.532944 38.332434,-102.532936 38.332185,-102.533174 38.332456,-102.533349 38.332757,-102.533475 38.332938,-102.533699 38.333097,-102.533916 38.333321,-102.534091 38.333535,-102.534182 38.333771)))",POINT(-102.533752915861 38.333568792783),080619601001384,0,0,0,0,0,0,0,0,0,0,0,0,0,0,0
43,"MULTIPOLYGON(((-103.342472 38.338161,-103.34232 38.33871,-103.338958 38.346086,-103.336896 38.350524,-103.334085 38.356575,-103.332979 38.358923,-103.332858 38.359161,-103.330721 38.363372,-103.329203 38.363382,-103.312977 38.363303,-103.309858 38.363302,-103.298728 38.363281,-103.290145 38.363252,-103.284323 38.363228,-103.282504 38.363238,-103.274125 38.36322,-103.266979 38.363196,-103.264049 38.363194,-103.259438 38.363389,-103.22918 38.364773,-103.226505 38.364844,-103.226471 38.36306,-103.226421 38.358543,-103.226409 38.356868,-103.226344 38.351401,-103.226627 38.340856,-103.226751 38.336988,-103.226755 38.336656,-103.226821 38.322135,-103.227937 38.322117,-103.240145 38.32192,-103.241021 38.321906,-103.244643 38.321847,-103.251823 38.321688,-103.253691 38.321647,-103.255716 38.321602,-103.259018 38.321525,-103.261739 38.321453,-103.263033 38.321431,-103.263715 38.321452,-103.264323 38.321511,-103.274854 38.322877,-103.27646 38.323089,-103.280554 38.32362,-103.281766 38.323767,-103.294451 38.32372,-103.300042 38.323691,-103.307904 38.323692,-103.309141 38.323692,-103.314644 38.323688,-103.317348 38.323695,-103.32047 38.323698,-103.325913 38.323702,-103.334246 38.323693,-103.33812 38.323699,-103.343634 38.323696,-103.346125 38.323713,-103.344357 38.332863,-103.344179 38.33359,-103.343997 38.334135,-103.343515 38.335212,-103.34346 38.335333,-103.343056 38.336208,-103.34285 38.336742,-103.342472 38.338161)))",POINT(-103.282315800721 38.3427713876594),080619601001153,3,3,2,1,2,1,1,0,2,2,0,2,0,0,0
44,"MULTIPOLYGON(((-102.509978 38.439197,-102.509983 38.439271,-102.509963 38.439339,-102.509923 38.439403,-102.50978 38.43959,-102.509728 38.439649,-102.50954 38.439808,-102.509472 38.439856,-102.509399 38.439898,-102.50916 38.440008,-102.509087 38.440051,-102.50896 38.440153,-102.50861 38.440488,-102.508407 38.440636,-102.508348 38.440689,-102.508309 38.440754,-102.508281 38.440824,-102.508239 38.440887,-102.508184 38.440945,-102.508123 38.441,-102.508057 38.44105,-102.507985 38.441095,-102.507594 38.441285,-102.507522 38.441328,-102.507458 38.441379,-102.507353 38.441499,-102.507297 38.441556,-102.50723 38.441604,-102.507158 38.441649,-102.506926 38.441767,-102.506688 38.441875,-102.506524 38.44194,-102.506356 38.441996,-102.506011 38.442093,-102.505927 38.442125,-102.505841 38.442147,-102.505748 38.442141,-102.505667 38.442108,-102.505519 38.442019,-102.505442 38.441983,-102.505351 38.44198,-102.50526 38.441997,-102.505086 38.442049,-102.505 38.442054,-102.504916 38.442016,-102.504829 38.442009,-102.504739 38.442029,-102.504572 38.44209,-102.504088 38.442296,-102.503924 38.44236,-102.503838 38.442386,-102.503656 38.442417,-102.503568 38.442436,-102.503488 38.442467,-102.503424 38.442516,-102.503367 38.442575,-102.503306 38.44263,-102.50323 38.44267,-102.50315 38.442706,-102.502479 38.443084,-102.502249 38.443201,-102.502166 38.443232,-102.501992 38.443285,-102.501909 38.443314,-102.501831 38.443349,-102.501773 38.443403,-102.501726 38.443468,-102.501661 38.443517,-102.501501 38.443586,-102.501333 38.443648,-102.501173 38.443719,-102.501032 38.443809,-102.500833 38.443957,-102.500447 38.444268,-102.500109 38.444511,-102.500001 38.444549,-102.500001 38.444163,-102.500085 38.444085,-102.500253 38.443986,-102.500441 38.443854,-102.500584 38.443784,-102.500931 38.443631,-102.501285 38.443523,-102.501571 38.443379,-102.501773 38.443203,-102.502333 38.442778,-102.502549 38.442667,-102.502813 38.442564,-102.503106 38.442432,-102.503245 38.442344,-102.50344 38.442206,-102.503601 38.442129,-102.503789 38.442084,-102.5041 38.442047,-102.50432 38.441975,-102.504564 38.441814,-102.504801 38.44167,-102.505066 38.441675,-102.505402 38.441729,-102.505506 38.441729,-102.505785 38.441602,-102.505893 38.441528,-102.50613 38.441439,-102.506462 38.441355,-102.506655 38.441274,-102.506825 38.441177,-102.507279 38.441061,-102.507453 38.440983,-102.507714 38.440714,-102.507882 38.440594,-102.508088 38.4405,-102.508262 38.440383,-102.508506 38.440174,-102.508764 38.440069,-102.508882 38.439976,-102.508994 38.439838,-102.509105 38.439761,-102.509228 38.439688,-102.509502 38.439597,-102.509709 38.439453,-102.50983 38.439331,-102.509978 38.439197)))",POINT(-102.505278251359 38.4418870125971),080619601001242,0,0,0,0,0,0,0,0,0,0,0,0,0,0,0
45,"MULTIPOLYGON(((-102.510227 38.438859,-102.51036 38.438874,-102.510444 38.438808,-102.510569 38.438649,-102.510642 38.438451,-102.510792 38.438341,-102.510974 38.438197,-102.511484 38.438277,-102.513231 38.43863,-102.513941 38.438804,-102.514728 38.439051,-102.515714 38.439351,-102.516416 38.439511,-102.517131 38.43963,-102.518066 38.439733,-102.518804 38.439772,-102.519439 38.43976,-102.520072 38.439698,-102.522397 38.439397,-102.527417 38.438703,-102.528202 38.438569,-102.528271 38.43899,-102.521814 38.439729,-102.519048 38.439916,-102.514836 38.439614,-102.512785 38.439254,-102.510117 38.439008,-102.510227 38.438859)))",POINT(-102.517674673263 38.4391394455765),080619601001393,0,0,0,0,0,0,0,0,0,0,0,0,0,0,0
46,"MULTIPOLYGON(((-102.293078 38.463239,-102.298692 38.463159,-102.298729 38.464288,-102.303316 38.464216,-102.303335 38.465108,-102.298879 38.465654,-102.297236 38.465844,-102.296037 38.465939,-102.29407 38.465983,-102.293716 38.465992,-102.293733 38.465827,-102.293736 38.465739,-102.293739 38.465586,-102.293733 38.465556,-102.293716 38.465527,-102.293597 38.465392,-102.293502 38.465271,-102.293427 38.465157,-102.293296 38.464913,-102.293251 38.464657,-102.29324 38.464179,-102.293121 38.463636,-102.293075 38.463278,-102.293078 38.463239)))",POINT(-102.297284304979 38.4646002496599),080619601001322,1,1,1,0,1,1,0,0,1,1,1,0,0,0,0
47,"MULTIPOLYGON(((-102.859316 38.513226,-102.861398 38.513216,-102.86436 38.513215,-102.869784 38.513205,-102.87282 38.513213,-102.877648 38.513215,-102.877647 38.513457,-102.877664 38.514189,-102.877693 38.519646,-102.877717 38.522259,-102.877726 38.527035,-102.877749 38.527702,-102.872876 38.527659,-102.859403 38.527681,-102.859343 38.519933,-102.859316 38.513226)))",POINT(-102.868526589674 38.520442509366),080619601001068,1,1,1,0,1,0,0,1,1,0,0,0,1,0,1
48,"MULTIPOLYGON(((-102.797701 38.274282,-102.797774 38.274246,-102.797861 38.274222,-102.797942 38.274214,-102.80075 38.27421,-102.806371 38.274159,-102.8096 38.274202,-102.814664 38.274318,-102.820608 38.274433,-102.820758 38.274424,-102.820965 38.274392,-102.82103 38.274367,-102.821126 38.274309,-102.821199 38.274254,-102.821266 38.274172,-102.821326 38.274045,-102.821349 38.273823,-102.821355 38.273022,-102.821331 38.267764,-102.821361 38.26723,-102.821408 38.267121,-102.821454 38.267061,-102.821509 38.26702,-102.821588 38.266978,-102.821675 38.26695,-102.821677 38.2669,-102.821706 38.266769,-102.821753 38.266645,-102.82187 38.266555,-102.822044 38.266529,-102.822906 38.266488,-102.824683 38.266495,-102.832579 38.266461,-102.834481 38.266461,-102.839085 38.266641,-102.839875 38.266729,-102.841348 38.267021,-102.841535 38.267045,-102.842321 38.267066,-102.845998 38.267063,-102.849104 38.267054,-102.851737 38.267038,-102.851754 38.267038,-102.852203 38.267035,-102.856666 38.267006,-102.858007 38.267008,-102.858009 38.267207,-102.858004 38.267609,-102.858018 38.269587,-102.85807 38.280416,-102.85807 38.282459,-102.858125 38.295914,-102.858147 38.299052,-102.858198 38.310381,-102.858205 38.313167,-102.85826 38.322865,-102.858277 38.323572,-102.858269 38.324588,-102.858264 38.324655,-102.858251 38.324723,-102.858206 38.324795,-102.85815 38.324852,-102.858061 38.32489,-102.857963 38.32491,-102.857842 38.324921,-102.855615 38.324928,-102.846596 38.324911,-102.839823 38.324908,-102.839456 38.324903,-102.82998 38.324903,-102.826021 38.324899,-102.822582 38.3249,-102.821191 38.324906,-102.812798 38.324952,-102.802052 38.324976,-102.79717 38.324963,-102.794137 38.324951,-102.793868 38.324945,-102.793895 38.324699,-102.793967 38.324323,-102.794272 38.322823,-102.795004 38.31937,-102.795936 38.314913,-102.796004 38.314502,-102.795989 38.31412,-102.795902 38.313712,-102.795686 38.312848,-102.79542 38.311552,-102.795239 38.310511,-102.795148 38.309988,-102.795034 38.309466,-102.794801 38.308823,-102.794381 38.307776,-102.794046 38.306925,-102.793925 38.306461,-102.793879 38.306049,-102.793861 38.305109,-102.793858 38.301334,-102.793869 38.298625,-102.79387 38.295983,-102.79387 38.28705,-102.793893 38.28367,-102.793898 38.280371,-102.793924 38.279874,-102.794041 38.279847,-102.794122 38.279805,-102.794215 38.279719,-102.794668 38.279164,-102.795146 38.278548,-102.795449 38.278202,-102.795963 38.277765,-102.796292 38.277475,-102.796448 38.277274,-102.79658 38.277079,-102.796809 38.276685,-102.796989 38.276304,-102.79716 38.275886,-102.797517 38.274552,-102.797565 38.274441,-102.797605 38.274363,-102.797701 38.274282)))",POINT(-102.827356027809 38.2973193927226),080619601001494,0,0,0,0,0,0,0,0,0,0,0,0,0,0,0
49,"MULTIPOLYGON(((-102.516939 38.562791,-102.516831 38.56277,-102.516742 38.562717,-102.516397 38.562356,-102.516193 38.56222,-102.516129 38.562116,-102.516113 38.561998,-102.516121 38.56188,-102.51609 38.561839,-102.516075 38.561781,-102.516212 38.56188,-102.516293 38.562132,-102.516939 38.562791)))",POINT(-102.516412492754 38.5622943224517),080619601001012,0,0,0,0,0,0,0,0,0,0,0,0,0,0,0
50,"MULTIPOLYGON(((-102.785062 38.480997,-102.785705 38.481001,-102.785702 38.482001,-102.785062 38.482002,-102.785062 38.480997)))",POINT(-102.785382484336 38.4814998577186),080619601002065,3,3,3,0,3,1,2,0,3,3,1,2,0,0,0
51,"MULTIPOLYGON(((-102.500716 38.495936,-102.500867 38.496099,-102.500926 38.496196,-102.501024 38.496421,-102.50106 38.49663,-102.501057 38.496771,-102.500912 38.496329,-102.500839 38.496184,-102.500716 38.495936)))",POINT(-102.500935469364 38.4963390323606),080619601001232,0,0,0,0,0,0,0,0,0,0,0,0,0,0,0
52,"MULTIPOLYGON(((-102.794348 38.358231,-102.794368 38.358153,-102.794494 38.357879,-102.794514 38.357857,-102.794598 38.357741,-102.794807 38.357566,-102.795337 38.357187,-102.795672 38.357006,-102.796091 38.356852,-102.796314 38.356786,-102.797018 38.356643,-102.797423 38.356605,-102.79805 38.35661,-102.798664 38.356676,-102.799305 38.35673,-102.799654 38.356818,-102.799877 38.356883,-102.800017 38.356976,-102.800128 38.357124,-102.800135 38.357316,-102.800128 38.357437,-102.799926 38.35787,-102.799787 38.358057,-102.799599 38.358342,-102.799376 38.3586,-102.799187 38.358743,-102.79886 38.358924,-102.798448 38.359193,-102.798309 38.359269,-102.798107 38.35939,-102.797869 38.3595,-102.797625 38.35956,-102.796928 38.359583,-102.796635 38.359627,-102.796238 38.359654,-102.795659 38.359594,-102.795366 38.359534,-102.795191 38.359485,-102.795031 38.359408,-102.794808 38.359277,-102.79471 38.359211,-102.794529 38.359058,-102.794424 38.358904,-102.794354 38.358778,-102.794305 38.358504,-102.794333 38.35829,-102.794348 38.358231),(-102.796446 38.358045,-102.796467 38.358047,-102.796502 38.357724,-102.796239 38.357686,-102.796014 38.35768,-102.795951 38.357763,-102.795951 38.357998,-102.796446 38.358045)))",POINT(-102.797169259123 38.3580864339859),080619601001184,0,0,0,0,0,0,0,0,0,0,0,0,0,0,0
53,"MULTIPOLYGON(((-103.26207 38.271576,-103.262051 38.271519,-103.262381 38.271208,-103.262682 38.270838,-103.262824 38.270556,-103.262844 38.270501,-103.262929 38.270317,-103.262997 38.270077,-103.26306 38.269637,-103.263055 38.269324,-103.262956 38.26877,-103.262862 38.268113,-103.262822 38.267762,-103.262817 38.267476,-103.262791 38.267153,-103.262837 38.266916,-103.262923 38.266652,-103.263031 38.266437,-103.263264 38.266121,-103.263655 38.265744,-103.263701 38.265706,-103.263822 38.265706,-103.263895 38.265705,-103.263706 38.265858,-103.263383 38.266175,-103.263185 38.26644,-103.263063 38.266667,-103.26295 38.267041,-103.262925 38.267195,-103.262951 38.267535,-103.262954 38.26776,-103.262994 38.268095,-103.263039 38.268297,-103.263089 38.268818,-103.263195 38.269311,-103.263186 38.269652,-103.26313 38.270114,-103.26303 38.2704,-103.262909 38.270687,-103.262746 38.270963,-103.26239 38.271373,-103.262087 38.271629,-103.26207 38.271576)))",POINT(-103.262968527835 38.2686192091039),080619601001167,0,0,0,0,0,0,0,0,0,0,0,0,0,0,0
54,"MULTIPOLYGON(((-102.784407 38.479525,-102.78441 38.479037,-102.785017 38.479045,-102.785042 38.479058,-102.785056 38.479075,-102.785068 38.479116,-102.785065 38.480021,-102.784401 38.480018,-102.784407 38.479525)))",POINT(-102.784735576888 38.4795318952946),080619601002078,3,3,3,0,3,2,1,0,3,3,1,2,0,0,0
55,"MULTIPOLYGON(((-102.47505 38.418519,-102.475016 38.417836,-102.475014 38.417549,-102.475134 38.41708,-102.475155 38.416933,-102.475104 38.416618,-102.475057 38.416442,-102.474947 38.416325,-102.474811 38.416251,-102.474683 38.416203,-102.474664 38.41615,-102.474659 38.41608,-102.474742 38.415958,-102.474852 38.415872,-102.474976 38.415841,-102.475117 38.41586,-102.475183 38.415888,-102.475256 38.415894,-102.475417 38.415803,-102.47584 38.415454,-102.478348 38.413881,-102.479566 38.413189,-102.479811 38.41308,-102.47984 38.413027,-102.479841 38.41298,-102.479882 38.412917,-102.479949 38.412891,-102.480011 38.412913,-102.480031 38.41298,-102.479986 38.413121,-102.479971 38.413218,-102.479959 38.413493,-102.479856 38.416813,-102.479828 38.418144,-102.479794 38.418349,-102.479747 38.418402,-102.479684 38.418438,-102.479559 38.418468,-102.47505 38.418519)))",POINT(-102.477748485549 38.4163523213029),080619601001376,0,0,0,0,0,0,0,0,0,0,0,0,0,0,0
56,"MULTIPOLYGON(((-102.793925 38.279709,-102.793924 38.279874,-102.793898 38.280371,-102.793893 38.28367,-102.79387 38.28705,-102.79387 38.295983,-102.78783 38.295954,-102.787813 38.295877,-102.787941 38.295875,-102.787944 38.295823,-102.78777 38.29568,-102.787602 38.295477,-102.787546 38.295261,-102.787928 38.293378,-102.788303 38.291648,-102.788602 38.290312,-102.789116 38.288065,-102.790039 38.283835,-102.790171 38.283308,-102.790456 38.28255,-102.790651 38.282253,-102.790915 38.281918,-102.791082 38.281736,-102.791396 38.281451,-102.791751 38.281176,-102.792071 38.280961,-102.792579 38.280669,-102.793053 38.280389,-102.793304 38.280224,-102.793925 38.279709)))",POINT(-102.791399553608 38.2892812553018),080619601001493,0,0,0,0,0,0,0,0,0,0,0,0,0,0,0
57,"MULTIPOLYGON(((-102.732052 38.472375,-102.732337 38.472574,-102.732617 38.472756,-102.733053 38.472993,-102.73354 38.4732,-102.733969 38.47333,-102.734262 38.473402,-102.734498 38.473451,-102.734987 38.473527,-102.730919 38.473086,-102.731115 38.473034,-102.731262 38.472975,-102.731368 38.472915,-102.731546 38.47279,-102.732052 38.472375)))",POINT(-102.73241052012 38.4729957647827),080619601002129,0,0,0,0,0,0,0,0,0,0,0,0,0,0,0
58,"MULTIPOLYGON(((-103.165829 38.453304,-103.165937 38.453486,-103.16418 38.454107,-103.163906 38.454207,-103.163858 38.454219,-103.163757 38.454228,-103.163761 38.453895,-103.165829 38.453304)))",POINT(-103.164734848987 38.4537642639687),080619601001117,0,0,0,0,0,0,0,0,0,0,0,0,0,0,0
59,"MULTIPOLYGON(((-102.303349 38.46545,-102.303363 38.466076,-102.298859 38.466154,-102.298733 38.466157,-102.298793 38.467483,-102.298327 38.467492,-102.296652 38.467508,-102.29626 38.467515,-102.294978 38.467539,-102.29412 38.467547,-102.293689 38.467541,-102.293705 38.466641,-102.294022 38.4666,-102.303349 38.46545)))",POINT(-102.297585187724 38.4666799930491),080619601001353,2,2,0,2,0,0,0,0,0,0,0,0,0,0,0
60,"MULTIPOLYGON(((-102.105917 38.471701,-102.113011 38.471685,-102.124351 38.471634,-102.124357 38.471921,-102.108003 38.472038,-102.087411 38.47212,-102.087411 38.471697,-102.089655 38.471757,-102.091175 38.471774,-102.105917 38.471701)))",POINT(-102.105254838552 38.4718728665692),080619601001300,0,0,0,0,0,0,0,0,0,0,0,0,0,0,0
61,"MULTIPOLYGON(((-102.49683 38.284138,-102.4964 38.284016,-102.496165 38.283977,-102.495988 38.283956,-102.495779 38.283973,-102.49514 38.284104,-102.494835 38.284185,-102.494447 38.284299,-102.493993 38.284418,-102.493567 38.284574,-102.493346 38.28467,-102.493062 38.284778,-102.49268 38.28486,-102.492513 38.284868,-102.492297 38.284861,-102.492065 38.284837,-102.492274 38.284733,-102.492628 38.284689,-102.493515 38.284507,-102.494267 38.284256,-102.495209 38.284009,-102.495551 38.283924,-102.495904 38.28389,-102.496171 38.283927,-102.496604 38.284028,-102.49683 38.284138)))",POINT(-102.493964853084 38.2844232934871),080619601001518,0,0,0,0,0,0,0,0,0,0,0,0,0,0,0
62,"MULTIPOLYGON(((-102.551552 38.319062,-102.554124 38.318093,-102.555169 38.317614,-102.55686 38.316743,-102.557435 38.316386,-102.559144 38.315162,-102.560222 38.314142,-102.560665 38.313665,-102.561605 38.312544,-102.562612 38.311177,-102.562447 38.312384,-102.561995 38.319406,-102.561799 38.319408,-102.561366 38.319449,-102.560775 38.319458,-102.559552 38.319425,-102.554682 38.319226,-102.551552 38.319062)))",POINT(-102.55907265863 38.3170054902934),080619601001398,0,0,0,0,0,0,0,0,0,0,0,0,0,0,0
63,"MULTIPOLYGON(((-102.082473 38.469459,-102.082338 38.46939,-102.082185 38.46934,-102.082069 38.469331,-102.081952 38.469322,-102.081131 38.469295,-102.080184 38.469289,-102.079819 38.469282,-102.078654 38.469279,-102.078127 38.46929,-102.078033 38.462706,-102.078021 38.456895,-102.078008 38.456579,-102.086239 38.456613,-102.086807 38.456609,-102.087232 38.456612,-102.087275 38.460338,-102.08734 38.463799,-102.087405 38.470675,-102.087422 38.471504,-102.087411 38.471697,-102.086254 38.471662,-102.083521 38.471676,-102.082802 38.471672,-102.082778 38.471037,-102.082771 38.47054,-102.082747 38.470427,-102.08271 38.470235,-102.082694 38.469785,-102.08268 38.469709,-102.082673 38.469691,-102.082653 38.469643,-102.082593 38.469564,-102.082473 38.469459)))",POINT(-102.082889823618 38.4636051321006),080619601001312,9,9,3,6,3,2,1,0,3,3,1,2,0,0,0
64,"MULTIPOLYGON(((-102.876683 38.31035,-102.876675 38.311065,-102.876739 38.317563,-102.876743 38.322982,-102.876751 38.32525,-102.876802 38.329459,-102.876852 38.331388,-102.876927 38.337959,-102.876871 38.340236,-102.876875 38.347914,-102.876884 38.368369,-102.875321 38.368373,-102.872389 38.368394,-102.856566 38.368444,-102.847438 38.368435,-102.840075 38.368428,-102.840068 38.36558,-102.840004 38.355302,-102.839906 38.341393,-102.839813 38.32542,-102.839823 38.324908,-102.846596 38.324911,-102.855615 38.324928,-102.857842 38.324921,-102.857963 38.32491,-102.858061 38.32489,-102.85815 38.324852,-102.858206 38.324795,-102.858251 38.324723,-102.858264 38.324655,-102.858269 38.324588,-102.858277 38.323572,-102.85826 38.322865,-102.858205 38.313167,-102.858198 38.310381,-102.862712 38.310385,-102.86862 38.310376,-102.876683 38.31035)))",POINT(-102.859703926662 38.3424887347841),080619601001180,1,1,1,0,1,1,0,0,1,1,1,0,0,0,0
65,"MULTIPOLYGON(((-102.78037 38.479527,-102.781043 38.47953,-102.781032 38.480019,-102.780364 38.480017,-102.78037 38.479527)))",POINT(-102.780702143288 38.4797729443573),080619601002101,0,0,0,0,0,0,0,0,0,0,0,0,0,0,0
66,"MULTIPOLYGON(((-102.081154 38.472371,-102.078993 38.472353,-102.076806 38.472274,-102.070739 38.472258,-102.070292 38.472293,-102.070051 38.472347,-102.069811 38.472436,-102.069525 38.472606,-102.069227 38.472846,-102.06915 38.472924,-102.069002 38.473112,-102.068899 38.473314,-102.06885 38.473541,-102.068827 38.474016,-102.06889 38.476205,-102.068917 38.479153,-102.068999 38.483856,-102.069039 38.485681,-102.068085 38.485677,-102.054338 38.485699,-102.044975 38.485706,-102.044985 38.484794,-102.045008 38.472315,-102.069924 38.471975,-102.070816 38.472221,-102.08115 38.472224,-102.081154 38.472371)))",POINT(-102.057089228231 38.478897129374),080619601001303,0,0,0,0,0,0,0,0,0,0,0,0,0,0,0
67,"MULTIPOLYGON(((-102.618543 38.289778,-102.618447 38.289759,-102.618216 38.289588,-102.618011 38.289373,-102.617508 38.288888,-102.615735 38.28727,-102.615124 38.286645,-102.614863 38.286323,-102.614564 38.285853,-102.613851 38.284623,-102.613629 38.284098,-102.613369 38.283276,-102.613097 38.281849,-102.61296 38.281289,-102.612706 38.280463,-102.612634 38.280027,-102.612622 38.279568,-102.612661 38.27926,-102.612833 38.278645,-102.613422 38.276923,-102.613538 38.276409,-102.61354 38.276133,-102.613441 38.275842,-102.613313 38.275596,-102.613115 38.275399,-102.612877 38.275237,-102.612629 38.275145,-102.612199 38.275009,-102.611602 38.274874,-102.611091 38.274833,-102.610431 38.27482,-102.609912 38.27486,-102.60934 38.27494,-102.608356 38.275119,-102.605269 38.275847,-102.604535 38.275929,-102.604126 38.275918,-102.603668 38.275833,-102.602973 38.275586,-102.602417 38.275365,-102.60191 38.27511,-102.60155 38.274877,-102.601327 38.274717,-102.601127 38.274451,-102.601033 38.274256,-102.600894 38.273899,-102.600771 38.273374,-102.6007 38.272835,-102.600652 38.271861,-102.600619 38.271298,-102.60051 38.270739,-102.600331 38.270186,-102.599994 38.269244,-102.599931 38.268827,-102.59994 38.268269,-102.600032 38.26787,-102.600133 38.267571,-102.600204 38.267332,-102.600221 38.267332,-102.600242 38.267332,-102.600526 38.267335,-102.618378 38.267495,-102.618492 38.267941,-102.618553 38.268331,-102.618565 38.273539,-102.618557 38.276374,-102.618543 38.289778)))",POINT(-102.61150127476 38.2744370154136),080619601001503,0,0,0,0,0,0,0,0,0,0,0,0,0,0,0
68,"MULTIPOLYGON(((-102.968984 39.286605,-102.969396 39.300976,-102.967552 39.300989,-102.958952 39.300967,-102.959031 39.300915,-102.959139 39.300765,-102.959354 39.299852,-102.959852 39.298117,-102.959898 39.297863,-102.95988 39.290903,-102.959851 39.288096,-102.959868 39.287924,-102.95994 39.28778,-102.960173 39.287639,-102.962335 39.287122,-102.96448 39.286614,-102.96462 39.286587,-102.964874 39.286572,-102.968984 39.286605)))",POINT(-102.964553134738 39.2940289360217),080639623001125,0,0,0,0,0,0,0,0,0,0,0,0,0,0,0
69,"MULTIPOLYGON(((-102.503079 39.299518,-102.503133 39.298937,-102.503963 39.298989,-102.519288 39.300131,-102.52144 39.300292,-102.528861 39.300845,-102.52897 39.300844,-102.531516 39.301043,-102.535197 39.301303,-102.53684 39.301377,-102.53912 39.301415,-102.540368 39.301413,-102.540367 39.302139,-102.521411 39.300827,-102.519231 39.300674,-102.503079 39.299518)))",POINT(-102.521397554714 39.3005420005705),080639622001064,0,0,0,0,0,0,0,0,0,0,0,0,0,0,0
70,"MULTIPOLYGON(((-102.605056 39.298926,-102.606322 39.298914,-102.606353 39.300037,-102.605067 39.300051,-102.605056 39.298926)))",POINT(-102.605699357579 39.2994834723235),080639622002092,8,8,6,2,6,3,2,1,6,5,2,3,1,1,0
71,"MULTIPOLYGON(((-102.282863 39.30086,-102.284279 39.30084,-102.284266 39.301197,-102.284224 39.301314,-102.284101 39.301366,-102.282855 39.301354,-102.282857 39.301261,-102.282863 39.30086)))",POINT(-102.283565286259 39.3011027501394),080639621003215,0,0,0,0,0,0,0,0,0,0,0,0,0,0,0
72,"MULTIPOLYGON(((-102.767127 39.549712,-102.768284 39.549718,-102.768794 39.549775,-102.770901 39.549727,-102.776041 39.549747,-102.777709 39.549763,-102.777783 39.549743,-102.777861 39.549695,-102.777926 39.549613,-102.777945 39.549496,-102.778031 39.543988,-102.778057 39.541327,-102.778183 39.535162,-102.780915 39.535184,-102.797642 39.535418,-102.797858 39.535407,-102.797784 39.548971,-102.797587 39.567792,-102.793982 39.567748,-102.783736 39.567781,-102.783621 39.567781,-102.764628 39.567887,-102.76453 39.567888,-102.76097 39.567901,-102.758694 39.567916,-102.758687 39.567132,-102.758828 39.55897,-102.758858 39.557103,-102.758977 39.549589,-102.760564 39.549624,-102.765481 39.549703,-102.767127 39.549712)))",POINT(-102.781010847917 39.5540786746733),080639623001003,1,1,0,1,0,0,0,0,0,0,0,0,0,0,0
73,"MULTIPOLYGON(((-102.977788 39.171056,-102.977585 39.199452,-102.977582 39.199909,-102.975209 39.199914,-102.968729 39.199935,-102.96873 39.199557,-102.968764 39.188819,-102.968762 39.185948,-102.968749 39.171203,-102.96942 39.171176,-102.977788 39.171056)))",POINT(-102.973221699812 39.1854696560451),080639623001216,0,0,0,0,0,0,0,0,0,0,0,0,0,0,0
74,"MULTIPOLYGON(((-102.743377 39.303196,-102.744912 39.303197,-102.744928 39.304185,-102.743348 39.30419,-102.743377 39.303196)))",POINT(-102.744140456103 39.3036943849681),080639622002057,7,7,4,3,4,1,2,1,4,3,1,2,1,1,0
75,"MULTIPOLYGON(((-102.875116 39.162152,-102.875176 39.156411,-102.8792 39.156459,-102.891707 39.156552,-102.894098 39.15657,-102.904751 39.156605,-102.912288 39.156585,-102.912297 39.157168,-102.912301 39.157461,-102.912234 39.163356,-102.912274 39.164315,-102.912369 39.164931,-102.91239 39.16588,-102.91237 39.165905,-102.91233 39.165922,-102.912244 39.165929,-102.912212 39.165946,-102.912196 39.165968,-102.912213 39.166069,-102.912218 39.167692,-102.912131 39.173281,-102.91213 39.173757,-102.912152 39.174257,-102.912135 39.17448,-102.912134 39.175835,-102.912133 39.17691,-102.912111 39.178754,-102.912113 39.180261,-102.912076 39.182002,-102.91205 39.185611,-102.904921 39.185612,-102.897645 39.185624,-102.890806 39.185699,-102.888592 39.185738,-102.881965 39.185855,-102.880612 39.185895,-102.88021 39.185962,-102.879948 39.186021,-102.879831 39.186047,-102.879565 39.186061,-102.879317 39.186031,-102.87875 39.185919,-102.878388 39.185913,-102.874891 39.18596,-102.875035 39.169951,-102.875116 39.162152)))",POINT(-102.893543309916 39.1711341998343),080639623001208,0,0,0,0,0,0,0,0,0,0,0,0,0,0,0
76,"MULTIPOLYGON(((-103.034861 39.28845,-103.034839 39.28792,-103.036251 39.287895,-103.036206 39.288448,-103.034861 39.28845)))",POINT(-103.035544037308 39.2881760258709),080639623001112,0,0,0,0,0,0,0,0,0,0,0,0,0,0,0
77,"MULTIPOLYGON(((-102.260146 39.302286,-102.260146 39.302232,-102.261477 39.302247,-102.261464 39.303399,-102.260131 39.303395,-102.260146 39.302286)))",POINT(-102.260803616271 39.3028184251314),080639621004037,11,11,8,3,8,5,2,1,8,7,4,3,1,0,1
78,"MULTIPOLYGON(((-102.091372 39.331264,-102.097018 39.331323,-102.101715 39.331365,-102.103835 39.331396,-102.110289 39.331427,-102.122906 39.331418,-102.129002 39.331392,-102.128972 39.335999,-102.128886 39.34545,-102.128847 39.350114,-102.128716 39.356563,-102.128662 39.359851,-102.124472 39.359859,-102.110017 39.359852,-102.095436 39.359845,-102.091151 39.359817,-102.091201 39.355787,-102.091207 39.354428,-102.091294 39.348873,-102.0913 39.347417,-102.091318 39.34617,-102.09132 39.345514,-102.091339 39.338354,-102.091346 39.33565,-102.091372 39.331264)))",POINT(-102.110066587011 39.3456104804155),080639621001058,2,2,2,0,2,0,2,0,2,2,1,1,0,0,0
79,"MULTIPOLYGON(((-102.204224 39.31533,-102.237739 39.311652,-102.241247 39.311216,-102.241762 39.31115,-102.24172 39.315803,-102.241612 39.322264,-102.241545 39.327304,-102.241522 39.329693,-102.24151 39.330292,-102.241335 39.330294,-102.236409 39.33036,-102.235901 39.330367,-102.222667 39.330484,-102.205371 39.330629,-102.204078 39.330633,-102.204097 39.325194,-102.204187 39.317391,-102.204224 39.31533)))",POINT(-102.223576102748 39.3218290311096),080639621001081,6,6,5,1,5,2,2,1,5,4,1,3,1,0,1
80,"MULTIPOLYGON(((-102.110637 39.289317,-102.110517 39.282598,-102.110514 39.280453,-102.110445 39.276833,-102.110359 39.271483,-102.110316 39.268842,-102.110253 39.266364,-102.110124 39.259501,-102.116479 39.258926,-102.128342 39.257889,-102.128968 39.257822,-102.129243 39.2578,-102.131851 39.257942,-102.132061 39.257883,-102.132282 39.257869,-102.133102 39.257968,-102.133712 39.258009,-102.13404 39.258041,-102.134891 39.258094,-102.13926 39.258319,-102.139521 39.258316,-102.140857 39.258364,-102.141342 39.258407,-102.143023 39.258483,-102.143602 39.258522,-102.14404 39.258542,-102.147028 39.258675,-102.147587 39.258675,-102.147723 39.269128,-102.147943 39.28771,-102.148087 39.299876,-102.148115 39.302227,-102.139424 39.302229,-102.13422 39.30223,-102.133086 39.302236,-102.132878 39.302254,-102.132258 39.302234,-102.131347 39.302237,-102.129484 39.302211,-102.1292 39.302216,-102.117509 39.302199,-102.111699 39.302224,-102.110736 39.302214,-102.110637 39.289317)))",POINT(-102.129223799165 39.2803241900278),080639621001133,4,4,4,0,4,0,2,2,4,2,1,1,2,1,1
81,"MULTIPOLYGON(((-102.260179 39.116516,-102.269788 39.1182,-102.277218 39.119423,-102.278187 39.119577,-102.278642 39.119674,-102.278615 39.123031,-102.278593 39.124136,-102.278527 39.125035,-102.278418 39.12582,-102.278233 39.126703,-102.277718 39.128431,-102.27446 39.128432,-102.263305 39.128367,-102.25994 39.128338,-102.260101 39.120917,-102.260179 39.116516)))",POINT(-102.268806172127 39.1231907603827),080639621001189,0,0,0,0,0,0,0,0,0,0,0,0,0,0,0
82,"MULTIPOLYGON(((-103.065553 39.272833,-103.065789 39.273017,-103.065877 39.273497,-103.065671 39.274,-103.065377 39.274206,-103.065024 39.274183,-103.064935 39.272788,-103.065553 39.272833)))",POINT(-103.065369327118 39.273466958879),080639623001173,0,0,0,0,0,0,0,0,0,0,0,0,0,0,0
83,"MULTIPOLYGON(((-102.931394 39.49427,-102.930395 39.494758,-102.930398 39.49445,-102.930604 39.49429,-102.931394 39.49427)))",POINT(-102.930748880236 39.4944481501582),080639623001044,0,0,0,0,0,0,0,0,0,0,0,0,0,0,0
84,"MULTIPOLYGON(((-102.148257 39.075612,-102.14824 39.087966,-102.148273 39.090284,-102.148276 39.091338,-102.133048 39.091431,-102.129422 39.091446,-102.129386 39.076424,-102.130415 39.076402,-102.148257 39.075612)))",POINT(-102.138901247247 39.0837081316268),080639621001173,0,0,0,0,0,0,0,0,0,0,0,0,0,0,0
85,"MULTIPOLYGON(((-102.595438 39.303055,-102.59622 39.303082,-102.600311 39.303046,-102.600295 39.303446,-102.600303 39.303507,-102.600321 39.303531,-102.600453 39.303573,-102.601335 39.303573,-102.601308 39.304696,-102.600286 39.304681,-102.599105 39.304665,-102.59877 39.304661,-102.59767 39.304642,-102.596629 39.304631,-102.595399 39.304603,-102.595427 39.303486,-102.595438 39.303055)))",POINT(-102.598263121083 39.3038911523144),080639622001093,0,0,0,0,0,0,0,0,0,0,0,0,0,0,0
86,"MULTIPOLYGON(((-102.668344 39.417429,-102.66831 39.41745,-102.668249 39.417471,-102.668165 39.417477,-102.665956 39.417441,-102.649986 39.417182,-102.649832 39.417219,-102.649753 39.417296,-102.649728 39.417419,-102.649805 39.431014,-102.649789 39.431455,-102.649726 39.431582,-102.649688 39.431602,-102.649624 39.431629,-102.649522 39.431646,-102.643269 39.431644,-102.632297 39.431665,-102.630693 39.431677,-102.630967 39.425923,-102.631042 39.4228,-102.63105 39.415395,-102.631044 39.409885,-102.631056 39.39857,-102.631093 39.395269,-102.631095 39.395129,-102.631078 39.388219,-102.634767 39.388212,-102.639537 39.38818,-102.646869 39.38816,-102.651939 39.388163,-102.656829 39.388195,-102.664194 39.388275,-102.667739 39.388293,-102.66839 39.388305,-102.668379 39.389126,-102.66806 39.401451,-102.668048 39.402741,-102.668047 39.402793,-102.668259 39.411384,-102.668266 39.411688,-102.668316 39.413076,-102.66842 39.41724,-102.668406 39.417342,-102.668372 39.417401,-102.668344 39.417429)))",POINT(-102.647790227993 39.4071070977012),080639622002024,2,2,2,0,2,1,0,1,2,1,0,1,1,1,0
87,"MULTIPOLYGON(((-102.74344 39.286996,-102.743443 39.272281,-102.743443 39.271017,-102.743561 39.259479,-102.743567 39.25797,-102.746336 39.258005,-102.758692 39.258102,-102.762195 39.25812,-102.768278 39.258151,-102.774584 39.258205,-102.777415 39.258222,-102.778365 39.258228,-102.78038 39.258252,-102.780437 39.267167,-102.780464 39.268686,-102.780471 39.269935,-102.780529 39.279745,-102.780548 39.285529,-102.780554 39.286132,-102.780567 39.287333,-102.774018 39.287251,-102.767603 39.287148,-102.751158 39.287042,-102.750627 39.287052,-102.750037 39.28713,-102.749709 39.287158,-102.748904 39.287069,-102.748597 39.287035,-102.74682 39.287015,-102.74344 39.286996)))",POINT(-102.761981051764 39.2726464776521),080639623001198,0,0,0,0,0,0,0,0,0,0,0,0,0,0,0
88,"MULTIPOLYGON(((-102.179235 39.189758,-102.179352 39.189826,-102.179235 39.190169,-102.178794 39.190558,-102.178294 39.190741,-102.177501 39.190741,-102.176795 39.190649,-102.176266 39.190466,-102.176149 39.190375,-102.176178 39.1901,-102.177971 39.190009,-102.178735 39.189849,-102.179235 39.189758)))",POINT(-102.177808646078 39.1903036993326),080639621001143,0,0,0,0,0,0,0,0,0,0,0,0,0,0,0
89,"MULTIPOLYGON(((-102.603716 39.303596,-102.605016 39.303623,-102.604991 39.304754,-102.603698 39.304734,-102.603716 39.303596)))",POINT(-102.604354605531 39.3041762182003),080639622001090,14,14,11,3,11,4,2,5,11,6,1,5,5,1,4
90,"MULTIPOLYGON(((-102.969172 39.276931,-102.967986 39.277151,-102.954611 39.279634,-102.952994 39.279953,-102.94714 39.281001,-102.932929 39.283649,-102.931833 39.283853,-102.931838 39.282995,-102.933149 39.282945,-102.934953 39.282875,-102.93575 39.282817,-102.93677 39.282687,-102.96283 39.277857,-102.963794 39.27764,-102.964504 39.277437,-102.965272 39.277142,-102.966646 39.276568,-102.967229 39.276346,-102.967599 39.276242,-102.967917 39.276165,-102.968998 39.276075,-102.969199 39.276071,-102.969172 39.276931)))",POINT(-102.952125886129 39.2798533247199),080639623001185,0,0,0,0,0,0,0,0,0,0,0,0,0,0,0
91,"MULTIPOLYGON(((-102.156544 39.417507,-102.151957 39.417587,-102.147039 39.417721,-102.147043 39.403174,-102.160472 39.403086,-102.165621 39.403043,-102.165644 39.40454,-102.165683 39.411871,-102.165708 39.416652,-102.165704 39.417423,-102.163603 39.41743,-102.160781 39.41747,-102.160397 39.417461,-102.159604 39.417481,-102.156575 39.417506,-102.156544 39.417507)))",POINT(-102.156339826354 39.4103281110051),080639621001036,0,0,0,0,0,0,0,0,0,0,0,0,0,0,0
92,"MULTIPOLYGON(((-102.96874 39.156635,-102.97441 39.156569,-102.977876 39.156537,-102.977788 39.171056,-102.96942 39.171176,-102.968749 39.171203,-102.968733 39.164018,-102.968748 39.157087,-102.96874 39.156635)))",POINT(-102.973284624559 39.1638406649471),080639623001218,0,0,0,0,0,0,0,0,0,0,0,0,0,0,0
93,"MULTIPOLYGON(((-102.688744 39.112566,-102.694363 39.112574,-102.703789 39.112559,-102.707354 39.112538,-102.707514 39.127221,-102.688876 39.127244,-102.688859 39.124883,-102.688762 39.116726,-102.688744 39.112566)))",POINT(-102.698118971971 39.1198990818424),080639622002141,0,0,0,0,0,0,0,0,0,0,0,0,0,0,0
94,"MULTIPOLYGON(((-102.614944 39.568909,-102.612368 39.568857,-102.60449 39.568952,-102.593829 39.569091,-102.592998 39.569103,-102.592813 39.569104,-102.59156 39.569108,-102.592206 39.56898,-102.593037 39.56883,-102.593742 39.568724,-102.593953 39.568699,-102.594657 39.568647,-102.604409 39.568581,-102.604649 39.568567,-102.608817 39.568539,-102.610753 39.56858,-102.611275 39.568591,-102.61225 39.568598,-102.613243 39.568607,-102.614105 39.568686,-102.61531 39.568832,-102.61599 39.568871,-102.614944 39.568909)))",POINT(-102.602875835294 39.5687970136118),080639622002000,0,0,0,0,0,0,0,0,0,0,0,0,0,0,0
95,"MULTIPOLYGON(((-102.275904 39.304647,-102.277197 39.304653,-102.277196 39.305327,-102.277182 39.305823,-102.275888 39.305832,-102.275904 39.304647)))",POINT(-102.276543279066 39.3052388969096),080639621002052,11,11,10,1,10,7,1,2,10,8,4,4,2,2,0
96,"MULTIPOLYGON(((-102.268913 39.30096,-102.269374 39.300954,-102.269377 39.301013,-102.268909 39.30102,-102.268047 39.301034,-102.268045 39.30097,-102.268913 39.30096)))",POINT(-102.268701252909 39.3009929017548),080639621004075,0,0,0,0,0,0,0,0,0,0,0,0,0,0,0
97,"MULTIPOLYGON(((-102.287279 39.302344,-102.286349 39.302335,-102.286364 39.300831,-102.287263 39.300826,-102.287279 39.302344)))",POINT(-102.286814454093 39.3015882692636),080639621003149,13,13,13,0,13,3,2,8,13,5,1,4,8,0,8
98,"MULTIPOLYGON(((-102.856518 39.156235,-102.848672 39.156164,-102.837914 39.156253,-102.837138 39.156259,-102.819862 39.156325,-102.819158 39.156323,-102.819119 39.160583,-102.819085 39.164269,-102.81891 39.179365,-102.818892 39.180916,-102.818836 39.185056,-102.818849 39.18545,-102.818715 39.190802,-102.818633 39.191125,-102.818548 39.191327,-102.818501 39.191438,-102.818163 39.192177,-102.81813 39.192411,-102.818165 39.192629,-102.818278 39.1929,-102.818592 39.193506,-102.818658 39.193801,-102.818677 39.194104,-102.818379 39.214694,-102.814806 39.214705,-102.799938 39.214695,-102.797216 39.214694,-102.790122 39.214659,-102.784301 39.214647,-102.782428 39.214627,-102.781309 39.21464,-102.781043 39.210499,-102.780958 39.209175,-102.780859 39.207476,-102.780886 39.205873,-102.780967 39.20329,-102.781099 39.199871,-102.781261 39.194069,-102.78154 39.185223,-102.780908 39.185216,-102.763561 39.185398,-102.763228 39.18539,-102.763141 39.185374,-102.76308 39.185347,-102.763034 39.185316,-102.763002 39.185264,-102.762982 39.185199,-102.763091 39.173303,-102.763096 39.172769,-102.763225 39.158682,-102.763253 39.156228,-102.763263 39.155375,-102.76336 39.142536,-102.763348 39.141075,-102.763335 39.139424,-102.763355 39.133498,-102.763356 39.133245,-102.763406 39.127159,-102.767073 39.127165,-102.771264 39.127156,-102.772909 39.127152,-102.779881 39.127177,-102.781097 39.127185,-102.79661 39.127192,-102.798635 39.127184,-102.79927 39.127181,-102.803001 39.127179,-102.804365 39.127199,-102.806825 39.127193,-102.808817 39.1272,-102.814691 39.12722,-102.814887 39.127222,-102.816843 39.127238,-102.817345 39.127242,-102.819456 39.12726,-102.828688 39.127308,-102.829916 39.127317,-102.833879 39.127326,-102.834151 39.127326,-102.847112 39.127324,-102.856845 39.127347,-102.858575 39.127351,-102.866993 39.127386,-102.867542 39.127381,-102.867826 39.127391,-102.868127 39.12739,-102.868456 39.127364,-102.868942 39.127301,-102.869374 39.127363,-102.869763 39.127401,-102.870362 39.127421,-102.871233 39.127411,-102.871813 39.127434,-102.872265 39.127491,-102.872696 39.127588,-102.87317 39.127733,-102.873443 39.127857,-102.873728 39.128012,-102.874136 39.128258,-102.874514 39.128587,-102.874678 39.128758,-102.874826 39.128937,-102.87496 39.129125,-102.875178 39.12952,-102.875324 39.129937,-102.875373 39.130151,-102.875426 39.130591,-102.875361 39.140129,-102.875341 39.141861,-102.875176 39.156411,-102.870999 39.156365,-102.858377 39.156251,-102.856518 39.156235)))",POINT(-102.807988162304 39.1603849394705),080639623001201,4,4,3,1,3,1,2,0,3,3,0,3,0,0,0
99,"MULTIPOLYGON(((-102.874168 39.29362,-102.874175 39.293259,-102.875271 39.293255,-102.877034 39.293248,-102.878551 39.29321,-102.880252 39.293111,-102.881641 39.292988,-102.883251 39.292795,-102.884735 39.292571,-102.886334 39.292278,-102.889332 39.291728,-102.910917 39.287734,-102.912324 39.287474,-102.929693 39.28425,-102.930651 39.284072,-102.931833 39.283853,-102.931836 39.284117,-102.930658 39.284329,-102.929262 39.284581,-102.9272 39.284952,-102.910929 39.287971,-102.89228 39.291431,-102.886389 39.292512,-102.885019 39.292763,-102.883572 39.293005,-102.881979 39.293225,-102.881523 39.293279,-102.880368 39.293392,-102.878771 39.293516,-102.877499 39.293561,-102.875438 39.293598,-102.874168 39.29362)))",POINT(-102.901909285097 39.2894130140436),080639623001187,0,0,0,0,0,0,0,0,0,0,0,0,0,0,0
